CountryName,CountryCode,RegionName,RegionCode,Jurisdiction,Date,C1_School closing,C1_Flag,C2_Workplace closing,C2_Flag,C3_Cancel public events,C3_Flag,C4_Restrictions on gatherings,C4_Flag,C5_Close public transport,C5_Flag,C6_Stay at home requirements,C6_Flag,C7_Restrictions on internal movement,C7_Flag,C8_International travel controls,E1_Income support,E1_Flag,E2_Debt/contract relief,E3_Fiscal measures,E4_International support,H1_Public information campaigns,H1_Flag,H2_Testing policy,H3_Contact tracing,H4_Emergency investment in healthcare,H5_Investment in vaccines,H6_Facial Coverings,H6_Flag,H7_Vaccination policy,H7_Flag,H8_Protection of elderly people,H8_Flag,M1_Wildcard,V1_Vaccine Prioritisation (summary),V2A_Vaccine Availability (summary),V2B_Vaccine age eligibility/availability age floor (general population summary),V2C_Vaccine age eligibility/availability age floor (at risk summary),V2D_Medically/ clinically vulnerable (Non-elderly),V2E_Education,V2F_Frontline workers  (non healthcare),V2G_Frontline workers  (healthcare),V3_Vaccine Financial Support (summary),V4_Mandatory Vaccination (summary),ConfirmedCases,ConfirmedDeaths,StringencyIndex,StringencyIndexForDisplay,StringencyLegacyIndex,StringencyLegacyIndexForDisplay,GovernmentResponseIndex,GovernmentResponseIndexForDisplay,ContainmentHealthIndex,ContainmentHealthIndexForDisplay,EconomicSupportIndex,EconomicSupportIndexForDisplay
Malta,MLT,,,NAT_TOTAL,20200101,0.00,,0.00,,0.00,,0.00,,0.00,,0.00,,0.00,,0.00,0.00,,0.00,,,0.00,,0.00,0.00,,0.00,0.00,,0.00,,0.00,,,0,0,,,,,,,0,,,,0.00,0.00,0.00,0.00,0.00,0.00,0.00,0.00,0.00,0.00
Malta,MLT,,,NAT_TOTAL,20200102,0.00,,0.00,,0.00,,0.00,,0.00,,0.00,,0.00,,0.00,0.00,,0.00,,,0.00,,0.00,0.00,,0.00,0.00,,0.00,,0.00,,,0,0,,,,,,,0,,,,0.00,0.00,0.00,0.00,0.00,0.00,0.00,0.00,0.00,0.00
Malta,MLT,,,NAT_TOTAL,20200103,0.00,,0.00,,0.00,,0.00,,0.00,,0.00,,0.00,,0.00,0.00,,0.00,,,0.00,,0.00,0.00,,0.00,0.00,,0.00,,0.00,,,0,0,,,,,,,0,,,,0.00,0.00,0.00,0.00,0.00,0.00,0.00,0.00,0.00,0.00
Malta,MLT,,,NAT_TOTAL,20200104,0.00,,0.00,,0.00,,0.00,,0.00,,0.00,,0.00,,0.00,0.00,,0.00,,,0.00,,0.00,0.00,,0.00,0.00,,0.00,,0.00,,,0,0,,,,,,,0,,,,0.00,0.00,0.00,0.00,0.00,0.00,0.00,0.00,0.00,0.00
Malta,MLT,,,NAT_TOTAL,20200105,0.00,,0.00,,0.00,,0.00,,0.00,,0.00,,0.00,,0.00,0.00,,0.00,,,0.00,,0.00,0.00,,0.00,0.00,,0.00,,0.00,,,0,0,,,,,,,0,,,,0.00,0.00,0.00,0.00,0.00,0.00,0.00,0.00,0.00,0.00
Malta,MLT,,,NAT_TOTAL,20200106,0.00,,0.00,,0.00,,0.00,,0.00,,0.00,,0.00,,0.00,0.00,,0.00,,,0.00,,0.00,0.00,,0.00,0.00,,0.00,,0.00,,,0,0,,,,,,,0,,,,0.00,0.00,0.00,0.00,0.00,0.00,0.00,0.00,0.00,0.00
Malta,MLT,,,NAT_TOTAL,20200107,0.00,,0.00,,0.00,,0.00,,0.00,,0.00,,0.00,,0.00,0.00,,0.00,,,0.00,,0.00,0.00,,0.00,0.00,,0.00,,0.00,,,0,0,,,,,,,0,,,,0.00,0.00,0.00,0.00,0.00,0.00,0.00,0.00,0.00,0.00
Malta,MLT,,,NAT_TOTAL,20200108,0.00,,0.00,,0.00,,0.00,,0.00,,0.00,,0.00,,0.00,0.00,,0.00,,,0.00,,0.00,0.00,,0.00,0.00,,0.00,,0.00,,,0,0,,,,,,,0,,,,0.00,0.00,0.00,0.00,0.00,0.00,0.00,0.00,0.00,0.00
Malta,MLT,,,NAT_TOTAL,20200109,0.00,,0.00,,0.00,,0.00,,0.00,,0.00,,0.00,,0.00,0.00,,0.00,,,0.00,,0.00,0.00,,0.00,0.00,,0.00,,0.00,,,0,0,,,,,,,0,,,,0.00,0.00,0.00,0.00,0.00,0.00,0.00,0.00,0.00,0.00
Malta,MLT,,,NAT_TOTAL,20200110,0.00,,0.00,,0.00,,0.00,,0.00,,0.00,,0.00,,0.00,0.00,,0.00,,,0.00,,0.00,0.00,,0.00,0.00,,0.00,,0.00,,,0,0,,,,,,,0,,,,0.00,0.00,0.00,0.00,0.00,0.00,0.00,0.00,0.00,0.00
Malta,MLT,,,NAT_TOTAL,20200111,0.00,,0.00,,0.00,,0.00,,0.00,,0.00,,0.00,,0.00,0.00,,0.00,,,0.00,,0.00,0.00,,0.00,0.00,,0.00,,0.00,,,0,0,,,,,,,0,,,,0.00,0.00,0.00,0.00,0.00,0.00,0.00,0.00,0.00,0.00
Malta,MLT,,,NAT_TOTAL,20200112,0.00,,0.00,,0.00,,0.00,,0.00,,0.00,,0.00,,0.00,0.00,,0.00,,,0.00,,0.00,0.00,,0.00,0.00,,0.00,,0.00,,,0,0,,,,,,,0,,,,0.00,0.00,0.00,0.00,0.00,0.00,0.00,0.00,0.00,0.00
Malta,MLT,,,NAT_TOTAL,20200113,0.00,,0.00,,0.00,,0.00,,0.00,,0.00,,0.00,,0.00,0.00,,0.00,,,0.00,,0.00,0.00,,0.00,0.00,,0.00,,0.00,,,0,0,,,,,,,0,,,,0.00,0.00,0.00,0.00,0.00,0.00,0.00,0.00,0.00,0.00
Malta,MLT,,,NAT_TOTAL,20200114,0.00,,0.00,,0.00,,0.00,,0.00,,0.00,,0.00,,0.00,0.00,,0.00,,,0.00,,0.00,0.00,,0.00,0.00,,0.00,,0.00,,,0,0,,,,,,,0,,,,0.00,0.00,0.00,0.00,0.00,0.00,0.00,0.00,0.00,0.00
Malta,MLT,,,NAT_TOTAL,20200115,0.00,,0.00,,0.00,,0.00,,0.00,,0.00,,0.00,,0.00,0.00,,0.00,,,0.00,,0.00,0.00,,0.00,0.00,,0.00,,0.00,,,0,0,,,,,,,0,,,,0.00,0.00,0.00,0.00,0.00,0.00,0.00,0.00,0.00,0.00
Malta,MLT,,,NAT_TOTAL,20200116,0.00,,0.00,,0.00,,0.00,,0.00,,0.00,,0.00,,0.00,0.00,,0.00,,,0.00,,0.00,0.00,,0.00,0.00,,0.00,,0.00,,,0,0,,,,,,,0,,,,0.00,0.00,0.00,0.00,0.00,0.00,0.00,0.00,0.00,0.00
Malta,MLT,,,NAT_TOTAL,20200117,0.00,,0.00,,0.00,,0.00,,0.00,,0.00,,0.00,,0.00,0.00,,0.00,,,0.00,,0.00,0.00,,0.00,0.00,,0.00,,0.00,,,0,0,,,,,,,0,,,,0.00,0.00,0.00,0.00,0.00,0.00,0.00,0.00,0.00,0.00
Malta,MLT,,,NAT_TOTAL,20200118,0.00,,0.00,,0.00,,0.00,,0.00,,0.00,,0.00,,0.00,0.00,,0.00,,,0.00,,0.00,0.00,,0.00,0.00,,0.00,,0.00,,,0,0,,,,,,,0,,,,0.00,0.00,0.00,0.00,0.00,0.00,0.00,0.00,0.00,0.00
Malta,MLT,,,NAT_TOTAL,20200119,0.00,,0.00,,0.00,,0.00,,0.00,,0.00,,0.00,,0.00,0.00,,0.00,,,0.00,,0.00,0.00,,0.00,0.00,,0.00,,0.00,,,0,0,,,,,,,0,,,,0.00,0.00,0.00,0.00,0.00,0.00,0.00,0.00,0.00,0.00
Malta,MLT,,,NAT_TOTAL,20200120,0.00,,0.00,,0.00,,0.00,,0.00,,0.00,,0.00,,0.00,0.00,,0.00,,,0.00,,0.00,0.00,,0.00,0.00,,0.00,,0.00,,,0,0,,,,,,,0,,,,0.00,0.00,0.00,0.00,0.00,0.00,0.00,0.00,0.00,0.00
Malta,MLT,,,NAT_TOTAL,20200121,0.00,,0.00,,0.00,,0.00,,0.00,,0.00,,0.00,,0.00,0.00,,0.00,,,0.00,,0.00,0.00,,0.00,0.00,,0.00,,0.00,,,0,0,,,,,,,0,,,,0.00,0.00,0.00,0.00,0.00,0.00,0.00,0.00,0.00,0.00
Malta,MLT,,,NAT_TOTAL,20200122,0.00,,0.00,,0.00,,0.00,,0.00,,0.00,,0.00,,0.00,0.00,,0.00,,,0.00,,0.00,0.00,,0.00,0.00,,0.00,,0.00,,,0,0,,,,,,,0,,0,0,0.00,0.00,0.00,0.00,0.00,0.00,0.00,0.00,0.00,0.00
Malta,MLT,,,NAT_TOTAL,20200123,0.00,,0.00,,0.00,,0.00,,0.00,,0.00,,0.00,,0.00,0.00,,0.00,,,0.00,,0.00,0.00,,0.00,0.00,,0.00,,0.00,,,0,0,,,,,,,0,,0,0,0.00,0.00,0.00,0.00,0.00,0.00,0.00,0.00,0.00,0.00
Malta,MLT,,,NAT_TOTAL,20200124,0.00,,0.00,,0.00,,0.00,,0.00,,0.00,,0.00,,0.00,0.00,,0.00,,,0.00,,0.00,0.00,,0.00,0.00,,0.00,,0.00,,,0,0,,,,,,,0,,0,0,0.00,0.00,0.00,0.00,0.00,0.00,0.00,0.00,0.00,0.00
Malta,MLT,,,NAT_TOTAL,20200125,0.00,,0.00,,0.00,,0.00,,0.00,,0.00,,0.00,,0.00,0.00,,0.00,,,1.00,1,1.00,2.00,,0.00,0.00,,0.00,,0.00,,,0,0,,,,,,,0,,0,0,5.56,5.56,9.52,9.52,11.46,11.46,13.10,13.10,0.00,0.00
Malta,MLT,,,NAT_TOTAL,20200126,0.00,,0.00,,0.00,,0.00,,0.00,,0.00,,0.00,,0.00,0.00,,0.00,,,1.00,1,1.00,2.00,,0.00,0.00,,0.00,,0.00,,,0,0,,,,,,,0,,0,0,5.56,5.56,9.52,9.52,11.46,11.46,13.10,13.10,0.00,0.00
Malta,MLT,,,NAT_TOTAL,20200127,0.00,,0.00,,0.00,,0.00,,0.00,,0.00,,0.00,,0.00,0.00,,0.00,,,1.00,1,1.00,2.00,,0.00,0.00,,0.00,,0.00,,,0,0,,,,,,,0,,0,0,5.56,5.56,9.52,9.52,11.46,11.46,13.10,13.10,0.00,0.00
Malta,MLT,,,NAT_TOTAL,20200128,0.00,,0.00,,0.00,,0.00,,0.00,,0.00,,0.00,,0.00,0.00,,0.00,,,1.00,1,1.00,2.00,,0.00,0.00,,0.00,,0.00,,,0,0,,,,,,,0,,0,0,5.56,5.56,9.52,9.52,11.46,11.46,13.10,13.10,0.00,0.00
Malta,MLT,,,NAT_TOTAL,20200129,0.00,,0.00,,0.00,,0.00,,0.00,,0.00,,0.00,,0.00,0.00,,0.00,,,1.00,1,1.00,2.00,,0.00,0.00,,0.00,,0.00,,,0,0,,,,,,,0,,0,0,5.56,5.56,9.52,9.52,11.46,11.46,13.10,13.10,0.00,0.00
Malta,MLT,,,NAT_TOTAL,20200130,0.00,,0.00,,0.00,,0.00,,0.00,,0.00,,0.00,,0.00,0.00,,0.00,,,1.00,1,1.00,2.00,,0.00,0.00,,0.00,,0.00,,,0,0,,,,,,,0,,0,0,5.56,5.56,9.52,9.52,11.46,11.46,13.10,13.10,0.00,0.00
Malta,MLT,,,NAT_TOTAL,20200131,0.00,,0.00,,0.00,,0.00,,0.00,,0.00,,0.00,,0.00,0.00,,0.00,,,1.00,1,1.00,2.00,,0.00,0.00,,0.00,,0.00,,,0,0,,,,,,,0,,0,0,5.56,5.56,9.52,9.52,11.46,11.46,13.10,13.10,0.00,0.00
Malta,MLT,,,NAT_TOTAL,20200201,0.00,,0.00,,0.00,,0.00,,0.00,,0.00,,0.00,,0.00,0.00,,0.00,,,1.00,1,1.00,2.00,,0.00,0.00,,0.00,,0.00,,,0,0,,,,,,,0,,0,0,5.56,5.56,9.52,9.52,11.46,11.46,13.10,13.10,0.00,0.00
Malta,MLT,,,NAT_TOTAL,20200202,0.00,,0.00,,0.00,,0.00,,0.00,,0.00,,0.00,,0.00,0.00,,0.00,,,1.00,1,1.00,2.00,,0.00,0.00,,0.00,,0.00,,,0,0,,,,,,,0,,0,0,5.56,5.56,9.52,9.52,11.46,11.46,13.10,13.10,0.00,0.00
Malta,MLT,,,NAT_TOTAL,20200203,0.00,,0.00,,0.00,,0.00,,0.00,,0.00,,0.00,,0.00,0.00,,0.00,,,1.00,1,1.00,2.00,,0.00,0.00,,0.00,,0.00,,,0,0,,,,,,,0,,0,0,5.56,5.56,9.52,9.52,11.46,11.46,13.10,13.10,0.00,0.00
Malta,MLT,,,NAT_TOTAL,20200204,0.00,,0.00,,0.00,,0.00,,0.00,,0.00,,0.00,,0.00,0.00,,0.00,,,1.00,1,1.00,2.00,,0.00,0.00,,0.00,,0.00,,,0,0,,,,,,,0,,0,0,5.56,5.56,9.52,9.52,11.46,11.46,13.10,13.10,0.00,0.00
Malta,MLT,,,NAT_TOTAL,20200205,0.00,,0.00,,0.00,,0.00,,0.00,,0.00,,0.00,,0.00,0.00,,0.00,,,1.00,1,1.00,2.00,,0.00,0.00,,0.00,,0.00,,,0,0,,,,,,,0,,0,0,5.56,5.56,9.52,9.52,11.46,11.46,13.10,13.10,0.00,0.00
Malta,MLT,,,NAT_TOTAL,20200206,0.00,,0.00,,0.00,,0.00,,0.00,,0.00,,0.00,,0.00,0.00,,0.00,,,1.00,1,1.00,2.00,,0.00,0.00,,0.00,,0.00,,,0,0,,,,,,,0,,0,0,5.56,5.56,9.52,9.52,11.46,11.46,13.10,13.10,0.00,0.00
Malta,MLT,,,NAT_TOTAL,20200207,0.00,,0.00,,0.00,,0.00,,0.00,,0.00,,0.00,,0.00,0.00,,0.00,,,1.00,1,1.00,2.00,,0.00,0.00,,0.00,,0.00,,,0,0,,,,,,,0,,0,0,5.56,5.56,9.52,9.52,11.46,11.46,13.10,13.10,0.00,0.00
Malta,MLT,,,NAT_TOTAL,20200208,0.00,,0.00,,0.00,,0.00,,0.00,,0.00,,0.00,,0.00,0.00,,0.00,,,1.00,1,1.00,2.00,,0.00,0.00,,0.00,,0.00,,,0,0,,,,,,,0,,0,0,5.56,5.56,9.52,9.52,11.46,11.46,13.10,13.10,0.00,0.00
Malta,MLT,,,NAT_TOTAL,20200209,0.00,,0.00,,0.00,,0.00,,0.00,,0.00,,0.00,,0.00,0.00,,0.00,,,1.00,1,1.00,2.00,,0.00,0.00,,0.00,,0.00,,,0,0,,,,,,,0,,0,0,5.56,5.56,9.52,9.52,11.46,11.46,13.10,13.10,0.00,0.00
Malta,MLT,,,NAT_TOTAL,20200210,0.00,,0.00,,0.00,,0.00,,0.00,,0.00,,0.00,,0.00,0.00,,0.00,,,1.00,1,1.00,2.00,,0.00,0.00,,0.00,,0.00,,,0,0,,,,,,,0,,0,0,5.56,5.56,9.52,9.52,11.46,11.46,13.10,13.10,0.00,0.00
Malta,MLT,,,NAT_TOTAL,20200211,0.00,,0.00,,0.00,,0.00,,0.00,,0.00,,0.00,,0.00,0.00,,0.00,,,1.00,1,1.00,2.00,,0.00,0.00,,0.00,,0.00,,,0,0,,,,,,,0,,0,0,5.56,5.56,9.52,9.52,11.46,11.46,13.10,13.10,0.00,0.00
Malta,MLT,,,NAT_TOTAL,20200212,0.00,,0.00,,0.00,,0.00,,0.00,,0.00,,0.00,,0.00,0.00,,0.00,,,1.00,1,1.00,2.00,,0.00,0.00,,0.00,,0.00,,,0,0,,,,,,,0,,0,0,5.56,5.56,9.52,9.52,11.46,11.46,13.10,13.10,0.00,0.00
Malta,MLT,,,NAT_TOTAL,20200213,0.00,,0.00,,0.00,,0.00,,0.00,,0.00,,0.00,,0.00,0.00,,0.00,,,1.00,1,1.00,2.00,,0.00,0.00,,0.00,,0.00,,,0,0,,,,,,,0,,0,0,5.56,5.56,9.52,9.52,11.46,11.46,13.10,13.10,0.00,0.00
Malta,MLT,,,NAT_TOTAL,20200214,0.00,,0.00,,0.00,,0.00,,0.00,,0.00,,0.00,,0.00,0.00,,0.00,,,1.00,1,1.00,2.00,,0.00,0.00,,0.00,,0.00,,,0,0,,,,,,,0,,0,0,5.56,5.56,9.52,9.52,11.46,11.46,13.10,13.10,0.00,0.00
Malta,MLT,,,NAT_TOTAL,20200215,0.00,,0.00,,0.00,,0.00,,0.00,,0.00,,0.00,,0.00,0.00,,0.00,,,1.00,1,1.00,2.00,,0.00,0.00,,0.00,,0.00,,,0,0,,,,,,,0,,0,0,5.56,5.56,9.52,9.52,11.46,11.46,13.10,13.10,0.00,0.00
Malta,MLT,,,NAT_TOTAL,20200216,0.00,,0.00,,0.00,,0.00,,0.00,,0.00,,0.00,,0.00,0.00,,0.00,,,1.00,1,1.00,2.00,,0.00,0.00,,0.00,,0.00,,,0,0,,,,,,,0,,0,0,5.56,5.56,9.52,9.52,11.46,11.46,13.10,13.10,0.00,0.00
Malta,MLT,,,NAT_TOTAL,20200217,0.00,,0.00,,0.00,,0.00,,0.00,,0.00,,0.00,,0.00,0.00,,0.00,,,1.00,1,1.00,2.00,,0.00,0.00,,0.00,,0.00,,,0,0,,,,,,,0,,0,0,5.56,5.56,9.52,9.52,11.46,11.46,13.10,13.10,0.00,0.00
Malta,MLT,,,NAT_TOTAL,20200218,0.00,,0.00,,0.00,,0.00,,0.00,,0.00,,0.00,,0.00,0.00,,0.00,,,1.00,1,1.00,2.00,,0.00,0.00,,0.00,,0.00,,,0,0,,,,,,,0,,0,0,5.56,5.56,9.52,9.52,11.46,11.46,13.10,13.10,0.00,0.00
Malta,MLT,,,NAT_TOTAL,20200219,0.00,,0.00,,0.00,,0.00,,0.00,,0.00,,0.00,,0.00,0.00,,0.00,,,1.00,1,1.00,2.00,,0.00,0.00,,0.00,,0.00,,,0,0,,,,,,,0,,0,0,5.56,5.56,9.52,9.52,11.46,11.46,13.10,13.10,0.00,0.00
Malta,MLT,,,NAT_TOTAL,20200220,0.00,,0.00,,0.00,,0.00,,0.00,,0.00,,0.00,,0.00,0.00,,0.00,,,1.00,1,1.00,2.00,,0.00,0.00,,0.00,,0.00,,,0,0,,,,,,,0,,0,0,5.56,5.56,9.52,9.52,11.46,11.46,13.10,13.10,0.00,0.00
Malta,MLT,,,NAT_TOTAL,20200221,0.00,,0.00,,0.00,,0.00,,0.00,,0.00,,0.00,,0.00,0.00,,0.00,,,1.00,1,1.00,2.00,,0.00,0.00,,0.00,,0.00,,,0,0,,,,,,,0,,0,0,5.56,5.56,9.52,9.52,11.46,11.46,13.10,13.10,0.00,0.00
Malta,MLT,,,NAT_TOTAL,20200222,0.00,,0.00,,0.00,,0.00,,0.00,,0.00,,0.00,,0.00,0.00,,0.00,,,1.00,1,1.00,2.00,,0.00,0.00,,0.00,,0.00,,,0,0,,,,,,,0,,0,0,5.56,5.56,9.52,9.52,11.46,11.46,13.10,13.10,0.00,0.00
Malta,MLT,,,NAT_TOTAL,20200223,0.00,,0.00,,0.00,,0.00,,0.00,,0.00,,0.00,,1.00,0.00,,0.00,,,1.00,1,1.00,2.00,,0.00,0.00,,0.00,,0.00,,,0,0,,,,,,,0,,0,0,8.33,8.33,13.10,13.10,13.02,13.02,14.88,14.88,0.00,0.00
Malta,MLT,,,NAT_TOTAL,20200224,0.00,,0.00,,0.00,,0.00,,0.00,,0.00,,0.00,,1.00,0.00,,0.00,,,1.00,1,1.00,2.00,,0.00,0.00,,0.00,,0.00,,,0,0,,,,,,,0,,0,0,8.33,8.33,13.10,13.10,13.02,13.02,14.88,14.88,0.00,0.00
Malta,MLT,,,NAT_TOTAL,20200225,0.00,,0.00,,0.00,,0.00,,0.00,,0.00,,0.00,,2.00,0.00,,0.00,,,1.00,1,1.00,2.00,,0.00,0.00,,0.00,,0.00,,,0,0,,,,,,,0,,0,0,11.11,11.11,16.67,16.67,14.58,14.58,16.67,16.67,0.00,0.00
Malta,MLT,,,NAT_TOTAL,20200226,0.00,,0.00,,0.00,,0.00,,0.00,,0.00,,0.00,,2.00,0.00,,0.00,,,1.00,1,1.00,2.00,,0.00,0.00,,0.00,,0.00,,,0,0,,,,,,,0,,0,0,11.11,11.11,16.67,16.67,14.58,14.58,16.67,16.67,0.00,0.00
Malta,MLT,,,NAT_TOTAL,20200227,0.00,,0.00,,0.00,,0.00,,0.00,,0.00,,0.00,,2.00,0.00,,0.00,,,1.00,1,1.00,2.00,,0.00,0.00,,0.00,,0.00,,,0,0,,,,,,,0,,0,0,11.11,11.11,16.67,16.67,14.58,14.58,16.67,16.67,0.00,0.00
Malta,MLT,,,NAT_TOTAL,20200228,0.00,,0.00,,0.00,,0.00,,0.00,,0.00,,0.00,,2.00,0.00,,0.00,,,1.00,1,1.00,2.00,,0.00,0.00,,0.00,,0.00,,,0,0,,,,,,,0,,0,0,11.11,11.11,16.67,16.67,14.58,14.58,16.67,16.67,0.00,0.00
Malta,MLT,,,NAT_TOTAL,20200229,0.00,,0.00,,0.00,,0.00,,0.00,,0.00,,0.00,,2.00,0.00,,0.00,,,1.00,1,1.00,2.00,,0.00,0.00,,0.00,,0.00,,,0,0,,,,,,,0,,0,0,11.11,11.11,16.67,16.67,14.58,14.58,16.67,16.67,0.00,0.00
Malta,MLT,,,NAT_TOTAL,20200301,0.00,,0.00,,0.00,,0.00,,0.00,,0.00,,0.00,,2.00,0.00,,0.00,,,1.00,1,1.00,2.00,,0.00,0.00,,0.00,,0.00,,,0,0,,,,,,,0,,0,0,11.11,11.11,16.67,16.67,14.58,14.58,16.67,16.67,0.00,0.00
Malta,MLT,,,NAT_TOTAL,20200302,0.00,,0.00,,0.00,,0.00,,0.00,,0.00,,0.00,,2.00,0.00,,0.00,,,1.00,1,1.00,2.00,,0.00,0.00,,0.00,,0.00,,,0,0,,,,,,,0,,0,0,11.11,11.11,16.67,16.67,14.58,14.58,16.67,16.67,0.00,0.00
Malta,MLT,,,NAT_TOTAL,20200303,0.00,,0.00,,0.00,,0.00,,0.00,,0.00,,0.00,,2.00,0.00,,0.00,,,1.00,1,1.00,2.00,,0.00,0.00,,0.00,,0.00,,,0,0,,,,,,,0,,0,0,11.11,11.11,16.67,16.67,14.58,14.58,16.67,16.67,0.00,0.00
Malta,MLT,,,NAT_TOTAL,20200304,0.00,,0.00,,0.00,,0.00,,0.00,,0.00,,0.00,,2.00,0.00,,0.00,,,1.00,1,1.00,2.00,,0.00,0.00,,0.00,,0.00,,,0,0,,,,,,,0,,0,0,11.11,11.11,16.67,16.67,14.58,14.58,16.67,16.67,0.00,0.00
Malta,MLT,,,NAT_TOTAL,20200305,0.00,,0.00,,0.00,,0.00,,0.00,,0.00,,0.00,,2.00,0.00,,0.00,,,1.00,1,1.00,2.00,,0.00,0.00,,0.00,,0.00,,,0,0,,,,,,,0,,0,0,11.11,11.11,16.67,16.67,14.58,14.58,16.67,16.67,0.00,0.00
Malta,MLT,,,NAT_TOTAL,20200306,0.00,,0.00,,0.00,,0.00,,0.00,,0.00,,0.00,,2.00,0.00,,0.00,,,1.00,1,1.00,2.00,,0.00,0.00,,0.00,,0.00,,,0,0,,,,,,,0,,0,0,11.11,11.11,16.67,16.67,14.58,14.58,16.67,16.67,0.00,0.00
Malta,MLT,,,NAT_TOTAL,20200307,0.00,,0.00,,0.00,,0.00,,0.00,,0.00,,0.00,,2.00,0.00,,0.00,,,1.00,1,1.00,2.00,,0.00,0.00,,0.00,,0.00,,,0,0,,,,,,,0,,3,0,11.11,11.11,16.67,16.67,14.58,14.58,16.67,16.67,0.00,0.00
Malta,MLT,,,NAT_TOTAL,20200308,0.00,,0.00,,0.00,,0.00,,0.00,,0.00,,0.00,,2.00,0.00,,0.00,,,1.00,1,1.00,2.00,,0.00,0.00,,0.00,,0.00,,,0,0,,,,,,,0,,3,0,11.11,11.11,16.67,16.67,14.58,14.58,16.67,16.67,0.00,0.00
Malta,MLT,,,NAT_TOTAL,20200309,0.00,,0.00,,0.00,,0.00,,0.00,,0.00,,0.00,,2.00,0.00,,0.00,,,2.00,1,1.00,2.00,,0.00,0.00,,0.00,,0.00,,,0,0,,,,,,,0,,3,0,16.67,16.67,21.43,21.43,17.71,17.71,20.24,20.24,0.00,0.00
Malta,MLT,,,NAT_TOTAL,20200310,0.00,,0.00,,1.00,1,1.00,1,0.00,,0.00,,0.00,,3.00,0.00,,0.00,,,2.00,1,2.00,2.00,,0.00,0.00,,0.00,,0.00,,,0,0,,,,,,,0,,5,0,27.78,27.78,34.52,34.52,26.04,26.04,29.76,29.76,0.00,0.00
Malta,MLT,,,NAT_TOTAL,20200311,0.00,,0.00,,1.00,1,1.00,1,0.00,,0.00,,0.00,,3.00,0.00,,0.00,,,2.00,1,2.00,2.00,,0.00,0.00,,0.00,,0.00,,,0,0,,,,,,,0,,6,0,27.78,27.78,34.52,34.52,26.04,26.04,29.76,29.76,0.00,0.00
Malta,MLT,,,NAT_TOTAL,20200312,0.00,,0.00,,2.00,1,1.00,1,0.00,,0.00,,0.00,,3.00,0.00,,0.00,,,2.00,1,2.00,2.00,,0.00,0.00,,0.00,,0.00,,,0,0,,,,,,,0,,6,0,33.33,33.33,39.29,39.29,29.17,29.17,33.33,33.33,0.00,0.00
Malta,MLT,,,NAT_TOTAL,20200313,3.00,1,1.00,1,2.00,1,1.00,1,0.00,,1.00,1,1.00,1,3.00,0.00,,1.00,,,2.00,1,2.00,2.00,,0.00,0.00,,0.00,,2.00,1,,0,0,,,,,,,0,,12,0,57.41,57.41,70.24,70.24,50.00,50.00,53.57,53.57,25.00,25.00
Malta,MLT,,,NAT_TOTAL,20200314,3.00,1,1.00,1,2.00,1,1.00,1,0.00,,1.00,1,1.00,1,3.00,0.00,,1.00,,,2.00,1,2.00,2.00,,0.00,0.00,,0.00,,2.00,1,,0,0,,,,,,,0,,18,0,57.41,57.41,70.24,70.24,50.00,50.00,53.57,53.57,25.00,25.00
Malta,MLT,,,NAT_TOTAL,20200315,3.00,1,1.00,1,2.00,1,1.00,1,0.00,,1.00,1,1.00,1,3.00,0.00,,1.00,,,2.00,1,2.00,2.00,,0.00,0.00,,0.00,,2.00,1,,0,0,,,,,,,0,,21,0,57.41,57.41,70.24,70.24,50.00,50.00,53.57,53.57,25.00,25.00
Malta,MLT,,,NAT_TOTAL,20200316,3.00,1,1.00,1,2.00,1,1.00,1,0.00,,1.00,1,1.00,1,3.00,0.00,,1.00,,,2.00,1,2.00,2.00,,0.00,0.00,,0.00,,2.00,1,,0,0,,,,,,,0,,30,0,57.41,57.41,70.24,70.24,50.00,50.00,53.57,53.57,25.00,25.00
Malta,MLT,,,NAT_TOTAL,20200317,3.00,1,1.00,1,2.00,1,1.00,1,0.00,,1.00,1,1.00,1,3.00,0.00,,1.00,,,2.00,1,2.00,2.00,,0.00,0.00,,0.00,,2.00,1,,0,0,,,,,,,0,,38,0,57.41,57.41,70.24,70.24,50.00,50.00,53.57,53.57,25.00,25.00
Malta,MLT,,,NAT_TOTAL,20200318,3.00,1,1.00,1,2.00,1,1.00,1,1.00,1,1.00,1,1.00,1,3.00,2.00,0,1.00,,,2.00,1,2.00,2.00,,0.00,0.00,,0.00,,2.00,1,,0,0,,,,,,,0,,38,0,62.96,62.96,79.76,79.76,57.81,57.81,57.14,57.14,62.50,62.50
Malta,MLT,,,NAT_TOTAL,20200319,3.00,1,1.00,1,2.00,1,1.00,1,1.00,1,1.00,1,1.00,1,3.00,2.00,0,1.00,,,2.00,1,2.00,2.00,,0.00,0.00,,0.00,,2.00,1,,0,0,,,,,,,0,,53,0,62.96,62.96,79.76,79.76,57.81,57.81,57.14,57.14,62.50,62.50
Malta,MLT,,,NAT_TOTAL,20200320,3.00,1,1.00,1,2.00,1,1.00,1,1.00,1,1.00,1,1.00,1,3.00,2.00,0,1.00,,,2.00,1,2.00,2.00,,0.00,0.00,,0.00,,2.00,1,,0,0,,,,,,,0,,64,0,62.96,62.96,79.76,79.76,57.81,57.81,57.14,57.14,62.50,62.50
Malta,MLT,,,NAT_TOTAL,20200321,3.00,1,1.00,1,2.00,1,1.00,1,1.00,1,1.00,1,1.00,1,4.00,2.00,0,1.00,,,2.00,1,2.00,2.00,,0.00,0.00,,0.00,,2.00,1,,0,0,,,,,,,0,,73,0,65.74,65.74,83.33,83.33,59.38,59.38,58.93,58.93,62.50,62.50
Malta,MLT,,,NAT_TOTAL,20200322,3.00,1,1.00,1,2.00,1,1.00,1,1.00,1,1.00,1,1.00,1,4.00,2.00,0,1.00,,,2.00,1,2.00,2.00,,0.00,0.00,,0.00,,2.00,1,,0,0,,,,,,,0,,90,0,65.74,65.74,83.33,83.33,59.38,59.38,58.93,58.93,62.50,62.50
Malta,MLT,,,NAT_TOTAL,20200323,3.00,1,2.00,1,2.00,1,1.00,1,1.00,1,1.00,1,1.00,1,4.00,2.00,0,1.00,,,2.00,1,2.00,2.00,,0.00,0.00,,0.00,,2.00,1,,0,0,,,,,,,0,,107,0,69.44,69.44,86.90,86.90,61.46,61.46,61.31,61.31,62.50,62.50
Malta,MLT,,,NAT_TOTAL,20200324,3.00,1,2.00,1,2.00,1,1.00,1,1.00,1,1.00,1,1.00,1,4.00,2.00,0,1.00,,,2.00,1,2.00,2.00,,0.00,0.00,,0.00,,2.00,1,,0,0,,,,,,,0,,110,0,69.44,69.44,86.90,86.90,61.46,61.46,61.31,61.31,62.50,62.50
Malta,MLT,,,NAT_TOTAL,20200325,3.00,1,2.00,1,2.00,1,1.00,1,1.00,1,1.00,1,1.00,1,4.00,2.00,0,1.00,,,2.00,1,3.00,2.00,,0.00,0.00,,0.00,,2.00,1,,0,0,,,,,,,0,,129,0,69.44,69.44,86.90,86.90,63.54,63.54,63.69,63.69,62.50,62.50
Malta,MLT,,,NAT_TOTAL,20200326,3.00,1,2.00,1,2.00,1,1.00,1,1.00,1,1.00,1,1.00,1,4.00,2.00,0,1.00,,,2.00,1,3.00,2.00,,0.00,0.00,,0.00,,2.00,1,,0,0,,,,,,,0,,134,0,69.44,69.44,86.90,86.90,63.54,63.54,63.69,63.69,62.50,62.50
Malta,MLT,,,NAT_TOTAL,20200327,3.00,1,2.00,1,2.00,1,1.00,1,1.00,1,1.00,1,1.00,1,4.00,2.00,0,1.00,,,2.00,1,3.00,2.00,,0.00,0.00,,0.00,,2.00,1,,0,0,,,,,,,0,,139,0,69.44,69.44,86.90,86.90,63.54,63.54,63.69,63.69,62.50,62.50
Malta,MLT,,,NAT_TOTAL,20200328,3.00,1,2.00,1,2.00,1,4.00,1,1.00,1,2.00,1,1.00,1,4.00,2.00,0,1.00,,,2.00,1,3.00,2.00,,0.00,0.00,,0.00,,3.00,1,,0,0,,,,,,,0,,149,0,81.48,81.48,88.10,88.10,72.40,72.40,73.81,73.81,62.50,62.50
Malta,MLT,,,NAT_TOTAL,20200329,3.00,1,2.00,1,2.00,1,4.00,1,1.00,1,2.00,1,1.00,1,4.00,2.00,0,1.00,,,2.00,1,3.00,2.00,,0.00,0.00,,0.00,,3.00,1,,0,0,,,,,,,0,,151,0,81.48,81.48,88.10,88.10,72.40,72.40,73.81,73.81,62.50,62.50
Malta,MLT,,,NAT_TOTAL,20200330,3.00,1,2.00,1,2.00,1,4.00,1,1.00,1,2.00,1,1.00,1,4.00,2.00,0,1.00,,,2.00,1,3.00,2.00,,0.00,0.00,,0.00,,3.00,1,,0,0,,,,,,,0,,156,0,81.48,81.48,88.10,88.10,72.40,72.40,73.81,73.81,62.50,62.50
Malta,MLT,,,NAT_TOTAL,20200331,3.00,1,2.00,1,2.00,1,4.00,1,1.00,1,2.00,1,1.00,1,4.00,2.00,0,1.00,,,2.00,1,3.00,2.00,,,0.00,,0.00,,3.00,1,,0,0,,,,,,,0,,169,0,81.48,81.48,88.10,88.10,72.40,72.40,73.81,73.81,62.50,62.50
Malta,MLT,,,NAT_TOTAL,20200401,3.00,1,2.00,1,2.00,1,4.00,1,1.00,1,2.00,1,1.00,1,4.00,2.00,0,1.00,,,2.00,1,3.00,2.00,,0.00,0.00,,0.00,,3.00,1,,0,0,,,,,,,0,,188,0,81.48,81.48,88.10,88.10,72.40,72.40,73.81,73.81,62.50,62.50
Malta,MLT,,,NAT_TOTAL,20200402,3.00,1,2.00,1,2.00,1,4.00,1,1.00,1,2.00,1,1.00,1,4.00,2.00,0,1.00,,,2.00,1,3.00,2.00,,0.00,0.00,,0.00,,3.00,1,,0,0,,,,,,,0,,196,0,81.48,81.48,88.10,88.10,72.40,72.40,73.81,73.81,62.50,62.50
Malta,MLT,,,NAT_TOTAL,20200403,3.00,1,2.00,1,2.00,1,4.00,1,1.00,1,2.00,1,2.00,1,4.00,2.00,0,1.00,,,2.00,1,3.00,2.00,,0.00,0.00,,0.00,,3.00,1,,0,0,,,,,,,0,,202,0,87.04,87.04,91.67,91.67,75.52,75.52,77.38,77.38,62.50,62.50
Malta,MLT,,,NAT_TOTAL,20200404,3.00,1,2.00,1,2.00,1,4.00,1,1.00,1,2.00,1,2.00,1,4.00,2.00,0,1.00,,,2.00,1,3.00,2.00,,0.00,0.00,,0.00,,3.00,1,,0,0,,,,,,,0,,213,0,87.04,87.04,91.67,91.67,75.52,75.52,77.38,77.38,62.50,62.50
Malta,MLT,,,NAT_TOTAL,20200405,3.00,1,2.00,1,2.00,1,4.00,1,1.00,1,2.00,1,2.00,1,4.00,2.00,0,1.00,,,2.00,1,3.00,2.00,,0.00,0.00,,0.00,,3.00,1,,0,0,,,,,,,0,,227,0,87.04,87.04,91.67,91.67,75.52,75.52,77.38,77.38,62.50,62.50
Malta,MLT,,,NAT_TOTAL,20200406,3.00,1,2.00,1,2.00,1,4.00,1,1.00,1,2.00,1,2.00,1,4.00,2.00,0,1.00,,,2.00,1,3.00,2.00,,0.00,0.00,,0.00,,3.00,1,,0,0,,,,,,,0,,241,0,87.04,87.04,91.67,91.67,75.52,75.52,77.38,77.38,62.50,62.50
Malta,MLT,,,NAT_TOTAL,20200407,3.00,1,2.00,1,2.00,1,4.00,1,1.00,1,2.00,1,2.00,1,4.00,2.00,0,1.00,,,2.00,1,3.00,2.00,,0.00,0.00,,0.00,,3.00,1,,0,0,,,,,,,0,,293,0,87.04,87.04,91.67,91.67,75.52,75.52,77.38,77.38,62.50,62.50
Malta,MLT,,,NAT_TOTAL,20200408,3.00,1,2.00,1,2.00,1,4.00,1,1.00,1,2.00,1,2.00,1,4.00,2.00,0,1.00,,,2.00,1,3.00,2.00,,0.00,0.00,,0.00,,3.00,1,,0,0,,,,,,,0,,299,1,87.04,87.04,91.67,91.67,75.52,75.52,77.38,77.38,62.50,62.50
Malta,MLT,,,NAT_TOTAL,20200409,3.00,1,2.00,1,2.00,1,4.00,1,1.00,1,2.00,1,2.00,1,4.00,2.00,0,1.00,,,2.00,1,3.00,2.00,,0.00,0.00,,0.00,,3.00,1,,0,0,,,,,,,0,,337,2,87.04,87.04,91.67,91.67,75.52,75.52,77.38,77.38,62.50,62.50
Malta,MLT,,,NAT_TOTAL,20200410,3.00,1,2.00,1,2.00,1,4.00,1,1.00,1,2.00,1,2.00,1,4.00,2.00,0,1.00,,,2.00,1,3.00,2.00,,0.00,0.00,,0.00,,3.00,1,,0,0,,,,,,,0,,350,2,87.04,87.04,91.67,91.67,75.52,75.52,77.38,77.38,62.50,62.50
Malta,MLT,,,NAT_TOTAL,20200411,3.00,1,2.00,1,2.00,1,4.00,1,1.00,1,2.00,1,2.00,1,4.00,2.00,0,1.00,,,2.00,1,3.00,2.00,,0.00,0.00,,0.00,,3.00,1,,0,0,,,,,,,0,,370,3,87.04,87.04,91.67,91.67,75.52,75.52,77.38,77.38,62.50,62.50
Malta,MLT,,,NAT_TOTAL,20200412,3.00,1,2.00,1,2.00,1,4.00,1,1.00,1,2.00,1,2.00,1,4.00,2.00,0,1.00,,,2.00,1,3.00,2.00,,0.00,0.00,,0.00,,3.00,1,,0,0,,,,,,,0,,378,3,87.04,87.04,91.67,91.67,75.52,75.52,77.38,77.38,62.50,62.50
Malta,MLT,,,NAT_TOTAL,20200413,3.00,1,2.00,1,2.00,1,4.00,1,1.00,1,2.00,1,2.00,1,4.00,2.00,0,1.00,,,2.00,1,3.00,2.00,,0.00,0.00,,0.00,,3.00,1,,0,0,,,,,,,0,,384,3,87.04,87.04,91.67,91.67,75.52,75.52,77.38,77.38,62.50,62.50
Malta,MLT,,,NAT_TOTAL,20200414,3.00,1,2.00,1,2.00,1,4.00,1,1.00,1,2.00,1,2.00,1,4.00,2.00,0,1.00,,,2.00,1,3.00,2.00,,0.00,0.00,,0.00,,3.00,1,,0,0,,,,,,,0,,393,3,87.04,87.04,91.67,91.67,75.52,75.52,77.38,77.38,62.50,62.50
Malta,MLT,,,NAT_TOTAL,20200415,3.00,1,2.00,1,2.00,1,4.00,1,1.00,1,2.00,1,2.00,1,4.00,2.00,0,1.00,,,2.00,1,3.00,2.00,,0.00,0.00,,0.00,,3.00,1,,0,0,,,,,,,0,,399,3,87.04,87.04,91.67,91.67,75.52,75.52,77.38,77.38,62.50,62.50
Malta,MLT,,,NAT_TOTAL,20200416,3.00,1,2.00,1,2.00,1,4.00,1,1.00,1,2.00,1,2.00,1,4.00,2.00,0,1.00,,,2.00,1,3.00,2.00,,0.00,0.00,,0.00,,3.00,1,,0,0,,,,,,,0,,412,3,87.04,87.04,91.67,91.67,75.52,75.52,77.38,77.38,62.50,62.50
Malta,MLT,,,NAT_TOTAL,20200417,3.00,1,2.00,1,2.00,1,4.00,1,1.00,1,2.00,1,2.00,1,4.00,2.00,0,1.00,,,2.00,1,3.00,2.00,,0.00,0.00,,0.00,,3.00,1,,0,0,,,,,,,0,,422,3,87.04,87.04,91.67,91.67,75.52,75.52,77.38,77.38,62.50,62.50
Malta,MLT,,,NAT_TOTAL,20200418,3.00,1,2.00,1,2.00,1,4.00,1,1.00,1,2.00,1,2.00,1,4.00,2.00,0,1.00,,,2.00,1,3.00,2.00,,0.00,0.00,,0.00,,3.00,1,,0,0,,,,,,,0,,426,3,87.04,87.04,91.67,91.67,75.52,75.52,77.38,77.38,62.50,62.50
Malta,MLT,,,NAT_TOTAL,20200419,3.00,1,2.00,1,2.00,1,4.00,1,1.00,1,2.00,1,2.00,1,4.00,2.00,0,1.00,,,2.00,1,3.00,2.00,,0.00,0.00,,0.00,,3.00,1,,0,0,,,,,,,0,,427,3,87.04,87.04,91.67,91.67,75.52,75.52,77.38,77.38,62.50,62.50
Malta,MLT,,,NAT_TOTAL,20200420,3.00,1,2.00,1,2.00,1,4.00,1,1.00,1,2.00,1,2.00,1,4.00,2.00,0,1.00,,,2.00,1,3.00,2.00,,0.00,0.00,,0.00,,3.00,1,,0,0,,,,,,,0,,431,3,87.04,87.04,91.67,91.67,75.52,75.52,77.38,77.38,62.50,62.50
Malta,MLT,,,NAT_TOTAL,20200421,3.00,1,2.00,1,2.00,1,4.00,1,1.00,1,2.00,1,2.00,1,4.00,2.00,0,1.00,,,2.00,1,3.00,2.00,,0.00,0.00,,0.00,,3.00,1,,0,0,,,,,,,0,,443,3,87.04,87.04,91.67,91.67,75.52,75.52,77.38,77.38,62.50,62.50
Malta,MLT,,,NAT_TOTAL,20200422,3.00,1,2.00,1,2.00,1,4.00,1,1.00,1,2.00,1,2.00,1,4.00,2.00,0,1.00,,,2.00,1,3.00,2.00,,0.00,0.00,,0.00,,3.00,1,,0,0,,,,,,,0,,444,3,87.04,87.04,91.67,91.67,75.52,75.52,77.38,77.38,62.50,62.50
Malta,MLT,,,NAT_TOTAL,20200423,3.00,1,2.00,1,2.00,1,4.00,1,1.00,1,2.00,1,2.00,1,4.00,2.00,0,1.00,,,2.00,1,3.00,2.00,,0.00,0.00,,0.00,,3.00,1,,0,0,,,,,,,0,,445,3,87.04,87.04,91.67,91.67,75.52,75.52,77.38,77.38,62.50,62.50
Malta,MLT,,,NAT_TOTAL,20200424,3.00,1,2.00,1,2.00,1,4.00,1,1.00,1,2.00,1,2.00,1,4.00,2.00,0,1.00,,,2.00,1,3.00,2.00,,0.00,0.00,,0.00,,3.00,1,,0,0,,,,,,,0,,447,3,87.04,87.04,91.67,91.67,75.52,75.52,77.38,77.38,62.50,62.50
Malta,MLT,,,NAT_TOTAL,20200425,3.00,1,2.00,1,2.00,1,4.00,1,1.00,1,2.00,1,2.00,1,4.00,2.00,0,1.00,,,2.00,1,3.00,2.00,,0.00,0.00,,0.00,,3.00,1,,0,0,,,,,,,0,,448,4,87.04,87.04,91.67,91.67,75.52,75.52,77.38,77.38,62.50,62.50
Malta,MLT,,,NAT_TOTAL,20200426,3.00,1,2.00,1,2.00,1,4.00,1,1.00,1,2.00,1,2.00,1,4.00,2.00,0,1.00,,,2.00,1,3.00,2.00,,0.00,0.00,,0.00,,3.00,1,,0,0,,,,,,,0,,448,4,87.04,87.04,91.67,91.67,75.52,75.52,77.38,77.38,62.50,62.50
Malta,MLT,,,NAT_TOTAL,20200427,3.00,1,2.00,1,2.00,1,4.00,1,1.00,1,2.00,1,2.00,1,4.00,2.00,0,1.00,,,2.00,1,3.00,2.00,,0.00,0.00,,0.00,,3.00,1,,0,0,,,,,,,0,,450,4,87.04,87.04,91.67,91.67,75.52,75.52,77.38,77.38,62.50,62.50
Malta,MLT,,,NAT_TOTAL,20200428,3.00,1,2.00,1,2.00,1,4.00,1,1.00,1,2.00,1,2.00,1,4.00,2.00,0,1.00,,,2.00,1,3.00,2.00,,0.00,0.00,,0.00,,3.00,1,,0,0,,,,,,,0,,458,4,87.04,87.04,91.67,91.67,75.52,75.52,77.38,77.38,62.50,62.50
Malta,MLT,,,NAT_TOTAL,20200429,3.00,1,2.00,1,2.00,1,4.00,1,1.00,1,2.00,1,2.00,1,4.00,2.00,0,1.00,,,2.00,1,3.00,2.00,,0.00,0.00,,0.00,,3.00,1,,0,0,,,,,,,0,,463,4,87.04,87.04,91.67,91.67,75.52,75.52,77.38,77.38,62.50,62.50
Malta,MLT,,,NAT_TOTAL,20200430,3.00,1,2.00,1,2.00,1,4.00,1,1.00,1,2.00,1,2.00,1,4.00,2.00,0,1.00,,,2.00,1,3.00,2.00,,0.00,0.00,,0.00,,3.00,1,,0,0,,,,,,,0,,465,4,87.04,87.04,91.67,91.67,75.52,75.52,77.38,77.38,62.50,62.50
Malta,MLT,,,NAT_TOTAL,20200501,3.00,1,2.00,1,2.00,1,4.00,1,1.00,1,2.00,1,2.00,1,4.00,2.00,0,1.00,,,2.00,1,3.00,2.00,,0.00,0.00,,0.00,,3.00,1,,0,0,,,,,,,0,,467,4,87.04,87.04,91.67,91.67,75.52,75.52,77.38,77.38,62.50,62.50
Malta,MLT,,,NAT_TOTAL,20200502,3.00,1,2.00,1,2.00,1,4.00,1,1.00,1,2.00,1,2.00,1,4.00,2.00,0,1.00,,,2.00,1,3.00,2.00,,0.00,0.00,,0.00,,3.00,1,,0,0,,,,,,,0,,468,4,87.04,87.04,91.67,91.67,75.52,75.52,77.38,77.38,62.50,62.50
Malta,MLT,,,NAT_TOTAL,20200503,3.00,1,2.00,1,2.00,1,4.00,1,1.00,1,2.00,1,2.00,1,4.00,2.00,0,1.00,,,2.00,1,3.00,2.00,,0.00,0.00,,0.00,,3.00,1,,0,0,,,,,,,0,,477,4,87.04,87.04,91.67,91.67,75.52,75.52,77.38,77.38,62.50,62.50
Malta,MLT,,,NAT_TOTAL,20200504,3.00,1,2.00,1,2.00,1,4.00,1,1.00,1,2.00,1,2.00,1,4.00,2.00,0,1.00,,,2.00,1,3.00,2.00,,0.00,2.00,1,0.00,,3.00,1,,0,0,,,,,,,0,,480,4,87.04,87.04,91.67,91.67,78.65,78.65,80.95,80.95,62.50,62.50
Malta,MLT,,,NAT_TOTAL,20200505,3.00,1,2.00,1,2.00,1,4.00,1,1.00,1,2.00,1,2.00,1,4.00,2.00,0,1.00,,,2.00,1,3.00,2.00,,0.00,2.00,1,0.00,,3.00,1,,0,0,,,,,,,0,,482,5,87.04,87.04,91.67,91.67,78.65,78.65,80.95,80.95,62.50,62.50
Malta,MLT,,,NAT_TOTAL,20200506,3.00,1,2.00,1,2.00,1,4.00,1,1.00,1,2.00,1,2.00,1,4.00,2.00,0,1.00,,,2.00,1,3.00,2.00,,0.00,2.00,1,0.00,,3.00,1,,0,0,,,,,,,0,,484,5,87.04,87.04,91.67,91.67,78.65,78.65,80.95,80.95,62.50,62.50
Malta,MLT,,,NAT_TOTAL,20200507,3.00,1,2.00,1,2.00,1,4.00,1,1.00,1,2.00,1,2.00,1,4.00,2.00,0,1.00,,,2.00,1,3.00,2.00,,0.00,2.00,1,0.00,,3.00,1,,0,0,,,,,,,0,,486,5,87.04,87.04,91.67,91.67,78.65,78.65,80.95,80.95,62.50,62.50
Malta,MLT,,,NAT_TOTAL,20200508,3.00,1,2.00,1,2.00,1,4.00,1,1.00,1,2.00,1,2.00,1,4.00,2.00,0,1.00,,,2.00,1,3.00,2.00,,0.00,2.00,1,0.00,,3.00,1,,0,0,,,,,,,0,,489,5,87.04,87.04,91.67,91.67,78.65,78.65,80.95,80.95,62.50,62.50
Malta,MLT,,,NAT_TOTAL,20200509,3.00,1,2.00,1,2.00,1,4.00,1,1.00,1,2.00,1,2.00,1,4.00,2.00,0,1.00,,,2.00,1,3.00,2.00,,0.00,2.00,1,0.00,,3.00,1,,0,0,,,,,,,0,,490,5,87.04,87.04,91.67,91.67,78.65,78.65,80.95,80.95,62.50,62.50
Malta,MLT,,,NAT_TOTAL,20200510,3.00,1,2.00,1,2.00,1,4.00,1,1.00,1,2.00,1,2.00,1,4.00,2.00,0,1.00,,,2.00,1,3.00,2.00,,0.00,2.00,1,0.00,,3.00,1,,0,0,,,,,,,0,,496,5,87.04,87.04,91.67,91.67,78.65,78.65,80.95,80.95,62.50,62.50
Malta,MLT,,,NAT_TOTAL,20200511,3.00,1,2.00,1,2.00,1,4.00,1,1.00,1,2.00,1,2.00,1,4.00,2.00,0,1.00,,,2.00,1,3.00,2.00,,0.00,2.00,1,0.00,,3.00,1,,0,0,,,,,,,0,,503,5,87.04,87.04,91.67,91.67,78.65,78.65,80.95,80.95,62.50,62.50
Malta,MLT,,,NAT_TOTAL,20200512,3.00,1,2.00,1,2.00,1,4.00,1,1.00,1,2.00,1,2.00,1,4.00,2.00,0,1.00,,,2.00,1,3.00,2.00,,0.00,2.00,1,0.00,,3.00,1,,0,0,,,,,,,0,,506,5,87.04,87.04,91.67,91.67,78.65,78.65,80.95,80.95,62.50,62.50
Malta,MLT,,,NAT_TOTAL,20200513,3.00,1,2.00,1,2.00,1,4.00,1,1.00,1,2.00,1,2.00,1,4.00,2.00,0,1.00,,,2.00,1,3.00,2.00,,0.00,2.00,1,0.00,,3.00,1,,0,0,,,,,,,0,,508,6,87.04,87.04,91.67,91.67,78.65,78.65,80.95,80.95,62.50,62.50
Malta,MLT,,,NAT_TOTAL,20200514,3.00,1,2.00,1,2.00,1,4.00,1,1.00,1,2.00,1,2.00,1,4.00,2.00,0,1.00,,,2.00,1,3.00,2.00,,0.00,2.00,1,0.00,,3.00,1,,0,0,,,,,,,0,,522,6,87.04,87.04,91.67,91.67,78.65,78.65,80.95,80.95,62.50,62.50
Malta,MLT,,,NAT_TOTAL,20200515,3.00,1,2.00,1,2.00,1,4.00,1,1.00,1,2.00,1,2.00,1,4.00,2.00,0,1.00,,,2.00,1,3.00,2.00,,0.00,2.00,1,0.00,,3.00,1,,0,0,,,,,,,0,,532,6,87.04,87.04,91.67,91.67,78.65,78.65,80.95,80.95,62.50,62.50
Malta,MLT,,,NAT_TOTAL,20200516,3.00,1,2.00,1,2.00,1,4.00,1,1.00,1,2.00,1,2.00,1,4.00,2.00,0,1.00,,,2.00,1,3.00,2.00,,0.00,2.00,1,0.00,,3.00,1,,0,0,,,,,,,0,,546,6,87.04,87.04,91.67,91.67,78.65,78.65,80.95,80.95,62.50,62.50
Malta,MLT,,,NAT_TOTAL,20200517,3.00,1,2.00,1,2.00,1,4.00,1,1.00,1,2.00,1,2.00,1,4.00,2.00,0,1.00,,,2.00,1,3.00,2.00,,0.00,2.00,1,0.00,,3.00,1,,0,0,,,,,,,0,,553,6,87.04,87.04,91.67,91.67,78.65,78.65,80.95,80.95,62.50,62.50
Malta,MLT,,,NAT_TOTAL,20200518,3.00,1,2.00,1,2.00,1,4.00,1,1.00,1,2.00,1,2.00,1,4.00,2.00,0,1.00,,,2.00,1,3.00,2.00,,0.00,2.00,1,0.00,,3.00,1,,0,0,,,,,,,0,,558,6,87.04,87.04,91.67,91.67,78.65,78.65,80.95,80.95,62.50,62.50
Malta,MLT,,,NAT_TOTAL,20200519,3.00,1,2.00,1,2.00,1,4.00,1,1.00,1,2.00,1,2.00,1,4.00,2.00,0,1.00,,,2.00,1,3.00,2.00,,0.00,2.00,1,0.00,,3.00,1,,0,0,,,,,,,0,,569,6,87.04,87.04,91.67,91.67,78.65,78.65,80.95,80.95,62.50,62.50
Malta,MLT,,,NAT_TOTAL,20200520,3.00,1,2.00,1,2.00,1,4.00,1,1.00,1,2.00,1,2.00,1,4.00,2.00,0,1.00,,,2.00,1,3.00,2.00,,0.00,2.00,1,0.00,,3.00,1,,0,0,,,,,,,0,,584,6,87.04,87.04,91.67,91.67,78.65,78.65,80.95,80.95,62.50,62.50
Malta,MLT,,,NAT_TOTAL,20200521,3.00,1,2.00,1,2.00,1,4.00,1,1.00,1,2.00,1,2.00,1,4.00,2.00,0,1.00,,,2.00,1,3.00,2.00,,0.00,2.00,1,0.00,,3.00,1,,0,0,,,,,,,0,,599,6,87.04,87.04,91.67,91.67,78.65,78.65,80.95,80.95,62.50,62.50
Malta,MLT,,,NAT_TOTAL,20200522,3.00,1,1.00,1,2.00,1,4.00,1,1.00,1,2.00,1,2.00,1,4.00,2.00,0,1.00,,,2.00,1,3.00,2.00,,0.00,2.00,1,0.00,,3.00,1,,0,0,,,,,,,0,,600,6,83.33,83.33,88.10,88.10,76.56,76.56,78.57,78.57,62.50,62.50
Malta,MLT,,,NAT_TOTAL,20200523,3.00,1,1.00,1,2.00,1,4.00,1,1.00,1,2.00,1,2.00,1,4.00,2.00,0,1.00,,,2.00,1,3.00,2.00,,0.00,2.00,1,0.00,,3.00,1,,0,0,,,,,,,0,,609,6,83.33,83.33,88.10,88.10,76.56,76.56,78.57,78.57,62.50,62.50
Malta,MLT,,,NAT_TOTAL,20200524,3.00,1,1.00,1,2.00,1,4.00,1,1.00,1,2.00,1,2.00,1,4.00,2.00,0,1.00,,,2.00,1,3.00,2.00,,0.00,2.00,1,0.00,,2.00,1,,0,0,,,,,,,0,,610,6,83.33,83.33,88.10,88.10,74.48,74.48,76.19,76.19,62.50,62.50
Malta,MLT,,,NAT_TOTAL,20200525,3.00,1,1.00,1,2.00,1,4.00,1,1.00,1,2.00,1,2.00,1,4.00,2.00,0,1.00,,,2.00,1,3.00,2.00,,0.00,2.00,1,0.00,,2.00,1,,0,0,,,,,,,0,,611,6,83.33,83.33,88.10,88.10,74.48,74.48,76.19,76.19,62.50,62.50
Malta,MLT,,,NAT_TOTAL,20200526,3.00,1,1.00,1,2.00,1,4.00,1,1.00,1,2.00,1,2.00,1,4.00,2.00,0,1.00,,,2.00,1,3.00,2.00,,0.00,2.00,1,0.00,,2.00,1,,0,0,,,,,,,0,,611,6,83.33,83.33,88.10,88.10,74.48,74.48,76.19,76.19,62.50,62.50
Malta,MLT,,,NAT_TOTAL,20200527,3.00,1,1.00,1,2.00,1,4.00,1,1.00,1,2.00,1,2.00,1,4.00,2.00,0,1.00,,,2.00,1,3.00,2.00,,0.00,2.00,1,0.00,,2.00,1,,0,0,,,,,,,0,,612,7,83.33,83.33,88.10,88.10,74.48,74.48,76.19,76.19,62.50,62.50
Malta,MLT,,,NAT_TOTAL,20200528,3.00,1,1.00,1,2.00,1,4.00,1,1.00,1,2.00,1,2.00,1,4.00,2.00,0,1.00,,,2.00,1,3.00,2.00,,0.00,2.00,1,0.00,,2.00,1,,0,0,,,,,,,0,,616,7,83.33,83.33,88.10,88.10,74.48,74.48,76.19,76.19,62.50,62.50
Malta,MLT,,,NAT_TOTAL,20200529,3.00,1,1.00,1,2.00,1,4.00,1,1.00,1,2.00,1,2.00,1,4.00,2.00,0,1.00,,,2.00,1,3.00,2.00,,0.00,2.00,1,0.00,,2.00,1,,0,0,,,,,,,0,,616,9,83.33,83.33,88.10,88.10,74.48,74.48,76.19,76.19,62.50,62.50
Malta,MLT,,,NAT_TOTAL,20200530,3.00,1,1.00,1,2.00,1,4.00,1,1.00,1,2.00,1,2.00,1,4.00,2.00,0,1.00,,,2.00,1,3.00,2.00,,0.00,2.00,1,0.00,,2.00,1,,0,0,,,,,,,0,,618,9,83.33,83.33,88.10,88.10,74.48,74.48,76.19,76.19,62.50,62.50
Malta,MLT,,,NAT_TOTAL,20200531,3.00,1,1.00,1,2.00,1,4.00,1,1.00,1,2.00,1,2.00,1,4.00,2.00,0,1.00,,,2.00,1,3.00,2.00,,0.00,2.00,1,0.00,,2.00,1,,0,0,,,,,,,0,,618,9,83.33,83.33,88.10,88.10,74.48,74.48,76.19,76.19,62.50,62.50
Malta,MLT,,,NAT_TOTAL,20200601,3.00,1,1.00,1,2.00,1,4.00,1,1.00,1,2.00,1,2.00,1,4.00,2.00,0,1.00,,,2.00,1,3.00,2.00,,0.00,2.00,1,0.00,,2.00,1,,0,0,,,,,,,0,,619,9,83.33,83.33,88.10,88.10,74.48,74.48,76.19,76.19,62.50,62.50
Malta,MLT,,,NAT_TOTAL,20200602,3.00,1,1.00,1,2.00,1,4.00,1,1.00,1,2.00,1,2.00,1,4.00,2.00,0,1.00,,,2.00,1,3.00,2.00,,0.00,2.00,1,0.00,,2.00,1,,0,0,,,,,,,0,,620,9,83.33,83.33,88.10,88.10,74.48,74.48,76.19,76.19,62.50,62.50
Malta,MLT,,,NAT_TOTAL,20200603,3.00,1,1.00,1,2.00,1,4.00,1,1.00,1,2.00,1,2.00,1,4.00,2.00,0,1.00,,,2.00,1,3.00,2.00,,0.00,2.00,1,0.00,,2.00,1,,0,0,,,,,,,0,,622,9,83.33,83.33,88.10,88.10,74.48,74.48,76.19,76.19,62.50,62.50
Malta,MLT,,,NAT_TOTAL,20200604,3.00,1,1.00,1,2.00,1,4.00,1,1.00,1,2.00,1,2.00,1,4.00,2.00,0,1.00,,,2.00,1,3.00,2.00,,0.00,2.00,1,0.00,,2.00,1,,0,0,,,,,,,0,,622,9,83.33,83.33,88.10,88.10,74.48,74.48,76.19,76.19,62.50,62.50
Malta,MLT,,,NAT_TOTAL,20200605,3.00,1,0.00,,1.00,1,1.00,1,1.00,1,0.00,,0.00,,4.00,2.00,0,1.00,,,2.00,1,3.00,2.00,,0.00,2.00,1,0.00,,2.00,1,,0,0,,,,,,,0,,625,9,47.22,47.22,61.90,61.90,54.17,54.17,52.98,52.98,62.50,62.50
Malta,MLT,,,NAT_TOTAL,20200606,3.00,1,0.00,,1.00,1,1.00,1,1.00,1,0.00,,0.00,,4.00,2.00,0,1.00,,,2.00,1,3.00,2.00,,0.00,2.00,1,0.00,,2.00,1,,0,0,,,,,,,0,,627,9,47.22,47.22,61.90,61.90,54.17,54.17,52.98,52.98,62.50,62.50
Malta,MLT,,,NAT_TOTAL,20200607,3.00,1,0.00,,1.00,1,1.00,1,1.00,1,0.00,,0.00,,4.00,2.00,0,1.00,,,2.00,1,3.00,2.00,,0.00,2.00,1,0.00,,2.00,1,,0,0,,,,,,,0,,629,9,47.22,47.22,61.90,61.90,54.17,54.17,52.98,52.98,62.50,62.50
Malta,MLT,,,NAT_TOTAL,20200608,3.00,1,0.00,,1.00,1,1.00,1,1.00,1,0.00,,0.00,,4.00,2.00,0,1.00,,,2.00,1,3.00,2.00,,0.00,2.00,1,0.00,,2.00,1,,0,0,,,,,,,0,,630,9,47.22,47.22,61.90,61.90,54.17,54.17,52.98,52.98,62.50,62.50
Malta,MLT,,,NAT_TOTAL,20200609,3.00,1,0.00,,1.00,1,1.00,1,1.00,1,0.00,,0.00,,4.00,2.00,0,1.00,,,2.00,1,3.00,2.00,,0.00,2.00,1,0.00,,2.00,1,,0,0,,,,,,,0,,632,9,47.22,47.22,61.90,61.90,54.17,54.17,52.98,52.98,62.50,62.50
Malta,MLT,,,NAT_TOTAL,20200610,3.00,1,0.00,,1.00,1,1.00,1,1.00,1,0.00,,0.00,,4.00,2.00,0,1.00,,,2.00,1,3.00,2.00,,0.00,2.00,1,0.00,,2.00,1,,0,0,,,,,,,0,,635,9,47.22,47.22,61.90,61.90,54.17,54.17,52.98,52.98,62.50,62.50
Malta,MLT,,,NAT_TOTAL,20200611,3.00,1,0.00,,1.00,1,1.00,1,1.00,1,0.00,,0.00,,4.00,2.00,0,1.00,,,2.00,1,3.00,2.00,,0.00,2.00,1,0.00,,2.00,1,,0,0,,,,,,,0,,640,9,47.22,47.22,61.90,61.90,54.17,54.17,52.98,52.98,62.50,62.50
Malta,MLT,,,NAT_TOTAL,20200612,3.00,1,0.00,,1.00,1,1.00,1,1.00,1,0.00,,0.00,,4.00,2.00,0,1.00,,,2.00,1,3.00,2.00,,0.00,2.00,1,0.00,,2.00,1,,0,0,,,,,,,0,,645,9,47.22,47.22,61.90,61.90,54.17,54.17,52.98,52.98,62.50,62.50
Malta,MLT,,,NAT_TOTAL,20200613,3.00,1,0.00,,1.00,1,1.00,1,1.00,1,0.00,,0.00,,4.00,2.00,0,1.00,,,2.00,1,3.00,2.00,,0.00,2.00,1,0.00,,2.00,1,,0,0,,,,,,,0,,646,9,47.22,47.22,61.90,61.90,54.17,54.17,52.98,52.98,62.50,62.50
Malta,MLT,,,NAT_TOTAL,20200614,3.00,1,0.00,,1.00,1,1.00,1,1.00,1,0.00,,0.00,,4.00,2.00,0,1.00,,,2.00,1,3.00,2.00,,0.00,2.00,1,0.00,,2.00,1,,0,0,,,,,,,0,,649,9,47.22,47.22,61.90,61.90,54.17,54.17,52.98,52.98,62.50,62.50
Malta,MLT,,,NAT_TOTAL,20200615,3.00,1,0.00,,1.00,1,1.00,1,1.00,1,0.00,,0.00,,4.00,2.00,0,1.00,,,2.00,1,3.00,2.00,,0.00,2.00,1,0.00,,2.00,1,,0,0,,,,,,,0,,650,9,47.22,47.22,61.90,61.90,54.17,54.17,52.98,52.98,62.50,62.50
Malta,MLT,,,NAT_TOTAL,20200616,3.00,1,0.00,,1.00,1,1.00,1,1.00,1,0.00,,0.00,,4.00,2.00,0,1.00,,,2.00,1,3.00,2.00,,0.00,2.00,1,0.00,,2.00,1,,0,0,,,,,,,0,,656,9,47.22,47.22,61.90,61.90,54.17,54.17,52.98,52.98,62.50,62.50
Malta,MLT,,,NAT_TOTAL,20200617,3.00,1,0.00,,1.00,1,1.00,1,1.00,1,0.00,,0.00,,4.00,2.00,0,1.00,,,2.00,1,3.00,2.00,,0.00,2.00,1,0.00,,2.00,1,,0,0,,,,,,,0,,662,9,47.22,47.22,61.90,61.90,54.17,54.17,52.98,52.98,62.50,62.50
Malta,MLT,,,NAT_TOTAL,20200618,3.00,1,0.00,,1.00,1,1.00,1,1.00,1,0.00,,0.00,,4.00,2.00,0,1.00,,,2.00,1,3.00,2.00,,0.00,2.00,1,0.00,,2.00,1,,0,0,,,,,,,0,,663,9,47.22,47.22,61.90,61.90,54.17,54.17,52.98,52.98,62.50,62.50
Malta,MLT,,,NAT_TOTAL,20200619,3.00,1,0.00,,1.00,1,1.00,1,1.00,1,0.00,,0.00,,4.00,2.00,0,1.00,,,2.00,1,3.00,2.00,,0.00,2.00,1,0.00,,2.00,1,,0,0,,,,,,,0,,663,9,47.22,47.22,61.90,61.90,54.17,54.17,52.98,52.98,62.50,62.50
Malta,MLT,,,NAT_TOTAL,20200620,3.00,1,0.00,,1.00,1,1.00,1,1.00,1,0.00,,0.00,,4.00,2.00,0,1.00,,,2.00,1,3.00,2.00,,0.00,2.00,1,0.00,,2.00,1,,0,0,,,,,,,0,,664,9,47.22,47.22,61.90,61.90,54.17,54.17,52.98,52.98,62.50,62.50
Malta,MLT,,,NAT_TOTAL,20200621,3.00,1,0.00,,1.00,1,1.00,1,1.00,1,0.00,,0.00,,4.00,2.00,0,1.00,,,2.00,1,3.00,2.00,,0.00,2.00,1,0.00,,2.00,1,,0,0,,,,,,,0,,665,9,47.22,47.22,61.90,61.90,54.17,54.17,52.98,52.98,62.50,62.50
Malta,MLT,,,NAT_TOTAL,20200622,3.00,1,0.00,,1.00,1,1.00,1,1.00,1,0.00,,0.00,,4.00,2.00,0,1.00,,,2.00,1,3.00,2.00,,0.00,2.00,1,0.00,,2.00,1,,0,0,,,,,,,0,,665,9,47.22,47.22,61.90,61.90,54.17,54.17,52.98,52.98,62.50,62.50
Malta,MLT,,,NAT_TOTAL,20200623,3.00,1,0.00,,1.00,1,1.00,1,1.00,1,0.00,,0.00,,4.00,2.00,0,1.00,,,2.00,1,3.00,2.00,,0.00,2.00,1,0.00,,2.00,1,,0,0,,,,,,,0,,665,9,47.22,47.22,61.90,61.90,54.17,54.17,52.98,52.98,62.50,62.50
Malta,MLT,,,NAT_TOTAL,20200624,3.00,1,0.00,,1.00,1,1.00,1,1.00,1,0.00,,0.00,,4.00,2.00,0,1.00,,,2.00,1,3.00,2.00,,0.00,2.00,1,0.00,,2.00,1,,0,0,,,,,,,0,,665,9,47.22,47.22,61.90,61.90,54.17,54.17,52.98,52.98,62.50,62.50
Malta,MLT,,,NAT_TOTAL,20200625,3.00,1,0.00,,1.00,1,1.00,1,1.00,1,0.00,,0.00,,4.00,2.00,0,1.00,,,2.00,1,3.00,2.00,,0.00,2.00,1,0.00,,2.00,1,,0,0,,,,,,,0,,668,9,47.22,47.22,61.90,61.90,54.17,54.17,52.98,52.98,62.50,62.50
Malta,MLT,,,NAT_TOTAL,20200626,3.00,1,0.00,,1.00,1,1.00,1,1.00,1,0.00,,0.00,,4.00,2.00,0,1.00,,,2.00,1,3.00,2.00,,0.00,2.00,1,0.00,,2.00,1,,0,0,,,,,,,0,,670,9,47.22,47.22,61.90,61.90,54.17,54.17,52.98,52.98,62.50,62.50
Malta,MLT,,,NAT_TOTAL,20200627,3.00,1,0.00,,1.00,1,1.00,1,1.00,1,0.00,,0.00,,4.00,2.00,0,1.00,,,2.00,1,3.00,2.00,,0.00,2.00,1,0.00,,2.00,1,,0,0,,,,,,,0,,670,9,47.22,47.22,61.90,61.90,54.17,54.17,52.98,52.98,62.50,62.50
Malta,MLT,,,NAT_TOTAL,20200628,3.00,1,0.00,,1.00,1,1.00,1,1.00,1,0.00,,0.00,,4.00,2.00,0,1.00,,,2.00,1,3.00,2.00,,0.00,2.00,1,0.00,,2.00,1,,0,0,,,,,,,0,,670,9,47.22,47.22,61.90,61.90,54.17,54.17,52.98,52.98,62.50,62.50
Malta,MLT,,,NAT_TOTAL,20200629,3.00,1,0.00,,1.00,1,1.00,1,1.00,1,0.00,,0.00,,4.00,2.00,0,1.00,,,2.00,1,3.00,2.00,,0.00,2.00,1,0.00,,2.00,1,,0,0,,,,,,,0,,670,9,47.22,47.22,61.90,61.90,54.17,54.17,52.98,52.98,62.50,62.50
Malta,MLT,,,NAT_TOTAL,20200630,3.00,1,0.00,,1.00,1,1.00,1,1.00,1,0.00,,0.00,,4.00,2.00,0,1.00,,,2.00,1,3.00,2.00,,0.00,2.00,1,0.00,,2.00,1,,0,0,,,,,,,0,,670,9,47.22,47.22,61.90,61.90,54.17,54.17,52.98,52.98,62.50,62.50
Malta,MLT,,,NAT_TOTAL,20200701,1.00,1,0.00,,1.00,1,1.00,1,1.00,1,0.00,,0.00,,3.00,2.00,0,1.00,,,2.00,1,3.00,2.00,,0.00,2.00,1,0.00,,2.00,1,,0,0,,,,,,,0,,671,9,37.04,37.04,51.19,51.19,48.44,48.44,46.43,46.43,62.50,62.50
Malta,MLT,,,NAT_TOTAL,20200702,1.00,1,0.00,,1.00,1,1.00,1,1.00,1,0.00,,0.00,,3.00,2.00,0,1.00,,,2.00,1,3.00,2.00,,0.00,2.00,1,0.00,,2.00,1,,0,0,,,,,,,0,,671,9,37.04,37.04,51.19,51.19,48.44,48.44,46.43,46.43,62.50,62.50
Malta,MLT,,,NAT_TOTAL,20200703,1.00,1,0.00,,1.00,1,1.00,1,1.00,1,0.00,,0.00,,3.00,2.00,0,1.00,,,2.00,1,3.00,2.00,,0.00,2.00,1,0.00,,2.00,1,,0,0,,,,,,,0,,672,9,37.04,37.04,51.19,51.19,48.44,48.44,46.43,46.43,62.50,62.50
Malta,MLT,,,NAT_TOTAL,20200704,1.00,1,0.00,,1.00,1,1.00,1,1.00,1,0.00,,0.00,,3.00,2.00,0,1.00,,,2.00,1,3.00,2.00,,0.00,2.00,1,0.00,,2.00,1,,0,0,,,,,,,0,,672,9,37.04,37.04,51.19,51.19,48.44,48.44,46.43,46.43,62.50,62.50
Malta,MLT,,,NAT_TOTAL,20200705,1.00,1,0.00,,1.00,1,1.00,1,0.00,,0.00,,0.00,,3.00,2.00,0,1.00,,,2.00,1,3.00,2.00,,0.00,2.00,1,0.00,,2.00,1,,0,0,,,,,,,0,,672,9,31.48,31.48,41.67,41.67,45.31,45.31,42.86,42.86,62.50,62.50
Malta,MLT,,,NAT_TOTAL,20200706,1.00,1,0.00,,1.00,1,1.00,1,0.00,,0.00,,0.00,,3.00,2.00,0,1.00,,,2.00,1,3.00,2.00,,0.00,2.00,1,0.00,,2.00,1,,0,0,,,,,,,0,,672,9,31.48,31.48,41.67,41.67,45.31,45.31,42.86,42.86,62.50,62.50
Malta,MLT,,,NAT_TOTAL,20200707,1.00,1,0.00,,1.00,1,1.00,1,0.00,,0.00,,0.00,,3.00,2.00,0,1.00,,,2.00,1,3.00,2.00,,0.00,2.00,1,0.00,,2.00,1,,0,0,,,,,,,0,,673,9,31.48,31.48,41.67,41.67,45.31,45.31,42.86,42.86,62.50,62.50
Malta,MLT,,,NAT_TOTAL,20200708,1.00,1,0.00,,1.00,1,1.00,1,0.00,,0.00,,0.00,,3.00,2.00,0,1.00,,,2.00,1,3.00,2.00,,0.00,2.00,1,0.00,,2.00,1,,0,0,,,,,,,0,,673,9,31.48,31.48,41.67,41.67,45.31,45.31,42.86,42.86,62.50,62.50
Malta,MLT,,,NAT_TOTAL,20200709,1.00,1,0.00,,1.00,1,1.00,1,0.00,,0.00,,0.00,,3.00,2.00,0,1.00,,,2.00,1,3.00,2.00,,0.00,2.00,1,0.00,,2.00,1,,0,0,,,,,,,0,,674,9,31.48,31.48,41.67,41.67,45.31,45.31,42.86,42.86,62.50,62.50
Malta,MLT,,,NAT_TOTAL,20200710,1.00,1,0.00,,1.00,1,1.00,1,0.00,,0.00,,0.00,,3.00,2.00,0,1.00,,,2.00,1,3.00,2.00,,0.00,2.00,1,0.00,,2.00,1,,0,0,,,,,,,0,,674,9,31.48,31.48,41.67,41.67,45.31,45.31,42.86,42.86,62.50,62.50
Malta,MLT,,,NAT_TOTAL,20200711,1.00,1,0.00,,1.00,1,1.00,1,0.00,,0.00,,0.00,,3.00,2.00,0,1.00,,,2.00,1,3.00,2.00,,0.00,2.00,1,0.00,,2.00,1,,0,0,,,,,,,0,,674,9,31.48,31.48,41.67,41.67,45.31,45.31,42.86,42.86,62.50,62.50
Malta,MLT,,,NAT_TOTAL,20200712,1.00,1,0.00,,1.00,1,1.00,1,0.00,,0.00,,0.00,,3.00,2.00,0,1.00,,,2.00,1,3.00,2.00,,0.00,2.00,1,0.00,,2.00,1,,0,0,,,,,,,0,,674,9,31.48,31.48,41.67,41.67,45.31,45.31,42.86,42.86,62.50,62.50
Malta,MLT,,,NAT_TOTAL,20200713,1.00,1,0.00,,1.00,1,1.00,1,0.00,,0.00,,0.00,,3.00,2.00,0,1.00,,,2.00,1,3.00,2.00,,0.00,2.00,1,0.00,,2.00,1,,0,0,,,,,,,0,,674,9,31.48,31.48,41.67,41.67,45.31,45.31,42.86,42.86,62.50,62.50
Malta,MLT,,,NAT_TOTAL,20200714,1.00,1,0.00,,1.00,1,1.00,1,0.00,,0.00,,0.00,,3.00,2.00,0,1.00,,,2.00,1,3.00,2.00,,0.00,2.00,1,0.00,,2.00,1,,0,0,,,,,,,0,,674,9,31.48,31.48,41.67,41.67,45.31,45.31,42.86,42.86,62.50,62.50
Malta,MLT,,,NAT_TOTAL,20200715,1.00,1,0.00,,1.00,1,1.00,1,0.00,,0.00,,0.00,,3.00,2.00,0,1.00,,,2.00,1,3.00,2.00,,0.00,2.00,1,0.00,,2.00,1,,0,0,,,,,,,0,,674,9,31.48,31.48,41.67,41.67,45.31,45.31,42.86,42.86,62.50,62.50
Malta,MLT,,,NAT_TOTAL,20200716,1.00,1,0.00,,1.00,1,1.00,1,0.00,,0.00,,0.00,,3.00,2.00,0,1.00,,,2.00,1,3.00,2.00,,0.00,2.00,1,0.00,,2.00,1,,0,0,,,,,,,0,,674,9,31.48,31.48,41.67,41.67,45.31,45.31,42.86,42.86,62.50,62.50
Malta,MLT,,,NAT_TOTAL,20200717,1.00,1,0.00,,1.00,1,1.00,1,0.00,,0.00,,0.00,,3.00,2.00,0,1.00,,,2.00,1,3.00,2.00,,0.00,2.00,1,0.00,,2.00,1,,0,0,,,,,,,0,,674,9,31.48,31.48,41.67,41.67,45.31,45.31,42.86,42.86,62.50,62.50
Malta,MLT,,,NAT_TOTAL,20200718,1.00,1,0.00,,1.00,1,1.00,1,0.00,,0.00,,0.00,,3.00,2.00,0,1.00,,,2.00,1,3.00,2.00,,0.00,2.00,1,0.00,,2.00,1,,0,0,,,,,,,0,,675,9,31.48,31.48,41.67,41.67,45.31,45.31,42.86,42.86,62.50,62.50
Malta,MLT,,,NAT_TOTAL,20200719,1.00,1,0.00,,1.00,1,1.00,1,0.00,,0.00,,0.00,,3.00,2.00,0,1.00,,,2.00,1,3.00,2.00,,0.00,2.00,1,0.00,,2.00,1,,0,0,,,,,,,0,,677,9,31.48,31.48,41.67,41.67,45.31,45.31,42.86,42.86,62.50,62.50
Malta,MLT,,,NAT_TOTAL,20200720,1.00,1,0.00,,1.00,1,1.00,1,0.00,,0.00,,0.00,,3.00,2.00,0,1.00,,,2.00,1,3.00,2.00,,0.00,2.00,1,0.00,,2.00,1,,0,0,,,,,,,0,,677,9,31.48,31.48,41.67,41.67,45.31,45.31,42.86,42.86,62.50,62.50
Malta,MLT,,,NAT_TOTAL,20200721,1.00,1,0.00,,1.00,1,1.00,1,0.00,,0.00,,0.00,,3.00,2.00,0,1.00,,,2.00,1,3.00,2.00,,0.00,2.00,1,0.00,,2.00,1,,0,0,,,,,,,0,,677,9,31.48,31.48,41.67,41.67,45.31,45.31,42.86,42.86,62.50,62.50
Malta,MLT,,,NAT_TOTAL,20200722,1.00,1,0.00,,1.00,1,1.00,1,0.00,,0.00,,0.00,,3.00,2.00,0,1.00,,,2.00,1,3.00,2.00,,0.00,2.00,1,0.00,,2.00,1,,0,0,,,,,,,0,,679,9,31.48,31.48,41.67,41.67,45.31,45.31,42.86,42.86,62.50,62.50
Malta,MLT,,,NAT_TOTAL,20200723,1.00,1,0.00,,1.00,1,1.00,1,0.00,,0.00,,0.00,,3.00,2.00,0,1.00,,,2.00,1,3.00,2.00,,0.00,2.00,1,0.00,,2.00,1,,0,0,,,,,,,0,,680,9,31.48,31.48,41.67,41.67,45.31,45.31,42.86,42.86,62.50,62.50
Malta,MLT,,,NAT_TOTAL,20200724,1.00,1,0.00,,1.00,1,1.00,1,0.00,,0.00,,0.00,,3.00,2.00,0,1.00,,,2.00,1,3.00,2.00,,0.00,2.00,1,0.00,,2.00,1,,0,0,,,,,,,0,,686,9,31.48,31.48,41.67,41.67,45.31,45.31,42.86,42.86,62.50,62.50
Malta,MLT,,,NAT_TOTAL,20200725,1.00,1,0.00,,1.00,1,1.00,1,0.00,,0.00,,0.00,,3.00,2.00,0,1.00,,,2.00,1,3.00,2.00,,0.00,2.00,1,0.00,,2.00,1,,0,0,,,,,,,0,,686,9,31.48,31.48,41.67,41.67,45.31,45.31,42.86,42.86,62.50,62.50
Malta,MLT,,,NAT_TOTAL,20200726,1.00,1,0.00,,1.00,1,1.00,1,0.00,,0.00,,0.00,,3.00,2.00,0,1.00,,,2.00,1,3.00,2.00,,0.00,2.00,1,0.00,,2.00,1,,0,0,,,,,,,0,,700,9,31.48,31.48,41.67,41.67,45.31,45.31,42.86,42.86,62.50,62.50
Malta,MLT,,,NAT_TOTAL,20200727,1.00,1,0.00,,1.00,1,1.00,1,0.00,,0.00,,0.00,,3.00,2.00,0,1.00,,,2.00,1,3.00,2.00,,0.00,2.00,1,0.00,,2.00,1,,0,0,,,,,,,0,,701,9,31.48,31.48,41.67,41.67,45.31,45.31,42.86,42.86,62.50,62.50
Malta,MLT,,,NAT_TOTAL,20200728,1.00,1,0.00,,1.00,1,1.00,1,0.00,,0.00,,0.00,,3.00,2.00,0,1.00,,,2.00,1,3.00,2.00,,0.00,2.00,1,0.00,,2.00,1,,0,0,,,,,,,0,,708,9,31.48,31.48,41.67,41.67,45.31,45.31,42.86,42.86,62.50,62.50
Malta,MLT,,,NAT_TOTAL,20200729,1.00,1,0.00,,1.00,1,1.00,1,0.00,,0.00,,0.00,,3.00,2.00,0,1.00,,,2.00,1,3.00,2.00,,0.00,2.00,1,0.00,,2.00,1,,0,0,,,,,,,0,,720,9,31.48,31.48,41.67,41.67,45.31,45.31,42.86,42.86,62.50,62.50
Malta,MLT,,,NAT_TOTAL,20200730,1.00,1,0.00,,1.00,1,1.00,1,0.00,,0.00,,0.00,,3.00,2.00,0,1.00,,,2.00,1,3.00,2.00,,0.00,2.00,1,0.00,,2.00,1,,0,0,,,,,,,0,,814,9,31.48,31.48,41.67,41.67,45.31,45.31,42.86,42.86,62.50,62.50
Malta,MLT,,,NAT_TOTAL,20200731,1.00,1,0.00,,1.00,1,1.00,1,0.00,,0.00,,0.00,,3.00,2.00,0,1.00,,,2.00,1,3.00,2.00,,0.00,2.00,1,0.00,,2.00,1,,0,0,,,,,,,0,,824,9,31.48,31.48,41.67,41.67,45.31,45.31,42.86,42.86,62.50,62.50
Malta,MLT,,,NAT_TOTAL,20200801,1.00,1,0.00,,2.00,1,1.00,1,0.00,,0.00,,0.00,,3.00,2.00,0,1.00,,,2.00,1,3.00,2.00,,0.00,2.00,1,0.00,,2.00,1,,0,0,,,,,,,0,,845,9,37.04,37.04,46.43,46.43,48.44,48.44,46.43,46.43,62.50,62.50
Malta,MLT,,,NAT_TOTAL,20200802,1.00,1,0.00,,2.00,1,1.00,1,0.00,,0.00,,0.00,,3.00,2.00,0,1.00,,,2.00,1,3.00,2.00,,0.00,2.00,1,0.00,,2.00,1,,0,0,,,,,,,0,,860,9,37.04,37.04,46.43,46.43,48.44,48.44,46.43,46.43,62.50,62.50
Malta,MLT,,,NAT_TOTAL,20200803,1.00,1,0.00,,2.00,1,1.00,1,0.00,,0.00,,0.00,,3.00,2.00,0,1.00,,,2.00,1,3.00,2.00,,0.00,2.00,1,0.00,,2.00,1,,0,0,,,,,,,0,,874,9,37.04,37.04,46.43,46.43,48.44,48.44,46.43,46.43,62.50,62.50
Malta,MLT,,,NAT_TOTAL,20200804,1.00,1,0.00,,2.00,1,1.00,1,0.00,,0.00,,0.00,,3.00,2.00,0,1.00,,,2.00,1,3.00,2.00,,0.00,2.00,1,0.00,,2.00,1,,0,0,,,,,,,0,,890,9,37.04,37.04,46.43,46.43,48.44,48.44,46.43,46.43,62.50,62.50
Malta,MLT,,,NAT_TOTAL,20200805,1.00,1,0.00,,2.00,1,1.00,1,0.00,,0.00,,0.00,,3.00,2.00,0,1.00,,,2.00,1,3.00,2.00,,0.00,2.00,1,0.00,,2.00,1,,0,0,,,,,,,0,,926,9,37.04,37.04,46.43,46.43,48.44,48.44,46.43,46.43,62.50,62.50
Malta,MLT,,,NAT_TOTAL,20200806,1.00,1,0.00,,2.00,1,1.00,1,0.00,,0.00,,0.00,,3.00,2.00,0,1.00,,,2.00,1,3.00,2.00,,0.00,2.00,1,0.00,,2.00,1,,0,0,,,,,,,0,,946,9,37.04,37.04,46.43,46.43,48.44,48.44,46.43,46.43,62.50,62.50
Malta,MLT,,,NAT_TOTAL,20200807,1.00,1,0.00,,2.00,1,2.00,1,0.00,,0.00,,0.00,,3.00,2.00,0,1.00,,,2.00,1,3.00,2.00,,0.00,2.00,1,0.00,,2.00,1,,0,0,,,,,,,0,,995,9,39.81,39.81,46.43,46.43,50.00,50.00,48.21,48.21,62.50,62.50
Malta,MLT,,,NAT_TOTAL,20200808,1.00,1,0.00,,2.00,1,2.00,1,0.00,,0.00,,0.00,,3.00,2.00,0,1.00,,,2.00,1,3.00,2.00,,0.00,2.00,1,0.00,,2.00,1,,0,0,,,,,,,0,,1035,9,39.81,39.81,46.43,46.43,50.00,50.00,48.21,48.21,62.50,62.50
Malta,MLT,,,NAT_TOTAL,20200809,1.00,1,0.00,,2.00,1,2.00,1,0.00,,0.00,,0.00,,3.00,2.00,0,1.00,,,2.00,1,3.00,2.00,,0.00,2.00,1,0.00,,2.00,1,,0,0,,,,,,,0,,1089,9,39.81,39.81,46.43,46.43,50.00,50.00,48.21,48.21,62.50,62.50
Malta,MLT,,,NAT_TOTAL,20200810,1.00,1,0.00,,2.00,1,2.00,1,0.00,,0.00,,0.00,,3.00,2.00,0,1.00,,,2.00,1,3.00,2.00,,0.00,2.00,1,0.00,,2.00,1,,0,0,,,,,,,0,,1112,9,39.81,39.81,46.43,46.43,50.00,50.00,48.21,48.21,62.50,62.50
Malta,MLT,,,NAT_TOTAL,20200811,1.00,1,0.00,,2.00,1,2.00,1,0.00,,0.00,,0.00,,3.00,2.00,0,1.00,,,2.00,1,3.00,2.00,,0.00,2.00,1,0.00,,2.00,1,,0,0,,,,,,,0,,1141,9,39.81,39.81,46.43,46.43,50.00,50.00,48.21,48.21,62.50,62.50
Malta,MLT,,,NAT_TOTAL,20200812,1.00,1,0.00,,2.00,1,2.00,1,0.00,,0.00,,0.00,,3.00,2.00,0,1.00,,,2.00,1,3.00,2.00,,0.00,2.00,1,0.00,,2.00,1,,0,0,,,,,,,0,,1190,9,39.81,39.81,46.43,46.43,50.00,50.00,48.21,48.21,62.50,62.50
Malta,MLT,,,NAT_TOTAL,20200813,1.00,1,0.00,,2.00,1,2.00,1,0.00,,0.00,,0.00,,3.00,2.00,0,1.00,,,2.00,1,3.00,2.00,,0.00,2.00,1,0.00,,2.00,1,,0,0,,,,,,,0,,1245,9,39.81,39.81,46.43,46.43,50.00,50.00,48.21,48.21,62.50,62.50
Malta,MLT,,,NAT_TOTAL,20200814,1.00,1,0.00,,2.00,1,2.00,1,0.00,,0.00,,0.00,,3.00,2.00,0,1.00,,,2.00,1,3.00,2.00,,0.00,2.00,1,0.00,,2.00,1,,0,0,,,,,,,0,,1276,9,39.81,39.81,46.43,46.43,50.00,50.00,48.21,48.21,62.50,62.50
Malta,MLT,,,NAT_TOTAL,20200815,1.00,1,0.00,,2.00,1,2.00,1,0.00,,0.00,,0.00,,3.00,2.00,0,1.00,,,2.00,1,3.00,2.00,,0.00,2.00,1,0.00,,2.00,1,,0,0,,,,,,,0,,1348,9,39.81,39.81,46.43,46.43,50.00,50.00,48.21,48.21,62.50,62.50
Malta,MLT,,,NAT_TOTAL,20200816,1.00,1,0.00,,2.00,1,2.00,1,0.00,,0.00,,0.00,,3.00,2.00,0,1.00,,,2.00,1,3.00,2.00,,0.00,2.00,1,0.00,,2.00,1,,0,0,,,,,,,0,,1306,9,39.81,39.81,46.43,46.43,50.00,50.00,48.21,48.21,62.50,62.50
Malta,MLT,,,NAT_TOTAL,20200817,1.00,1,0.00,,2.00,1,2.00,1,0.00,,0.00,,0.00,,3.00,2.00,0,1.00,,,2.00,1,3.00,2.00,,0.00,2.00,1,0.00,,2.00,1,,0,0,,,,,,,0,,1375,9,39.81,39.81,46.43,46.43,50.00,50.00,48.21,48.21,62.50,62.50
Malta,MLT,,,NAT_TOTAL,20200818,1.00,1,0.00,,2.00,1,2.00,1,0.00,,0.00,,0.00,,3.00,2.00,0,1.00,,,2.00,1,3.00,2.00,,0.00,3.00,1,0.00,,2.00,1,,0,0,,,,,,,0,,1423,9,39.81,39.81,46.43,46.43,51.56,51.56,50.00,50.00,62.50,62.50
Malta,MLT,,,NAT_TOTAL,20200819,1.00,1,0.00,,2.00,1,3.00,1,0.00,,0.00,,0.00,,3.00,2.00,0,1.00,,,2.00,1,3.00,2.00,,0.00,3.00,1,0.00,,2.00,1,,0,0,,,,,,,0,,1470,9,42.59,42.59,46.43,46.43,53.12,53.12,51.79,51.79,62.50,62.50
Malta,MLT,,,NAT_TOTAL,20200820,1.00,1,0.00,,2.00,1,3.00,1,0.00,,0.00,,0.00,,3.00,2.00,0,1.00,,,2.00,1,3.00,2.00,,0.00,3.00,1,0.00,,2.00,1,,0,0,,,,,,,0,,1510,9,42.59,42.59,46.43,46.43,53.12,53.12,51.79,51.79,62.50,62.50
Malta,MLT,,,NAT_TOTAL,20200821,1.00,1,0.00,,2.00,1,3.00,1,0.00,,0.00,,0.00,,3.00,2.00,0,1.00,,,2.00,1,3.00,2.00,,0.00,3.00,1,0.00,,2.00,1,,0,0,,,,,,,0,,1546,10,42.59,42.59,46.43,46.43,53.12,53.12,51.79,51.79,62.50,62.50
Malta,MLT,,,NAT_TOTAL,20200822,1.00,1,0.00,,2.00,1,3.00,1,0.00,,0.00,,0.00,,3.00,2.00,0,1.00,,,2.00,1,3.00,2.00,,0.00,3.00,1,0.00,,2.00,1,,0,0,,,,,,,0,,1577,10,42.59,42.59,46.43,46.43,53.12,53.12,51.79,51.79,62.50,62.50
Malta,MLT,,,NAT_TOTAL,20200823,1.00,1,0.00,,2.00,1,3.00,1,0.00,,0.00,,0.00,,3.00,2.00,0,1.00,,,2.00,1,3.00,2.00,,0.00,3.00,1,0.00,,2.00,1,,0,0,,,,,,,0,,1612,10,42.59,42.59,46.43,46.43,53.12,53.12,51.79,51.79,62.50,62.50
Malta,MLT,,,NAT_TOTAL,20200824,1.00,1,0.00,,2.00,1,3.00,1,0.00,,0.00,,0.00,,3.00,2.00,0,1.00,,,2.00,1,3.00,2.00,,0.00,3.00,1,0.00,,2.00,1,,0,0,,,,,,,0,,1667,10,42.59,42.59,46.43,46.43,53.12,53.12,51.79,51.79,62.50,62.50
Malta,MLT,,,NAT_TOTAL,20200825,1.00,1,0.00,,2.00,1,3.00,1,0.00,,0.00,,0.00,,3.00,2.00,0,1.00,,,2.00,1,3.00,2.00,,0.00,3.00,1,0.00,,2.00,1,,0,0,,,,,,,0,,1705,10,42.59,42.59,46.43,46.43,53.12,53.12,51.79,51.79,62.50,62.50
Malta,MLT,,,NAT_TOTAL,20200826,1.00,1,0.00,,2.00,1,3.00,1,0.00,,0.00,,0.00,,3.00,2.00,0,1.00,,,2.00,1,3.00,2.00,,0.00,3.00,1,0.00,,2.00,1,,0,0,,,,,,,0,,1751,10,42.59,42.59,46.43,46.43,53.12,53.12,51.79,51.79,62.50,62.50
Malta,MLT,,,NAT_TOTAL,20200827,1.00,1,0.00,,2.00,1,3.00,1,0.00,,0.00,,0.00,,3.00,2.00,0,1.00,,,2.00,1,3.00,2.00,,0.00,3.00,1,0.00,,2.00,1,,0,0,,,,,,,0,,1788,10,42.59,42.59,46.43,46.43,53.12,53.12,51.79,51.79,62.50,62.50
Malta,MLT,,,NAT_TOTAL,20200828,1.00,1,0.00,,2.00,1,3.00,1,0.00,,0.00,,0.00,,3.00,2.00,0,1.00,,,2.00,1,3.00,2.00,,0.00,3.00,1,0.00,,2.00,1,,0,0,,,,,,,0,,1820,10,42.59,42.59,46.43,46.43,53.12,53.12,51.79,51.79,62.50,62.50
Malta,MLT,,,NAT_TOTAL,20200829,1.00,1,0.00,,2.00,1,3.00,1,0.00,,0.00,,0.00,,3.00,2.00,0,1.00,,,2.00,1,3.00,2.00,,0.00,3.00,1,0.00,,2.00,1,,0,0,,,,,,,0,,1847,10,42.59,42.59,46.43,46.43,53.12,53.12,51.79,51.79,62.50,62.50
Malta,MLT,,,NAT_TOTAL,20200830,1.00,1,0.00,,2.00,1,3.00,1,0.00,,0.00,,0.00,,3.00,2.00,0,1.00,,,2.00,1,3.00,2.00,,0.00,3.00,1,0.00,,2.00,1,,0,0,,,,,,,0,,1862,12,42.59,42.59,46.43,46.43,53.12,53.12,51.79,51.79,62.50,62.50
Malta,MLT,,,NAT_TOTAL,20200831,1.00,1,0.00,,2.00,1,3.00,1,0.00,,0.00,,0.00,,3.00,2.00,0,1.00,,,2.00,1,3.00,2.00,,0.00,3.00,1,0.00,,2.00,1,,0,0,,,,,,,0,,1883,12,42.59,42.59,46.43,46.43,53.12,53.12,51.79,51.79,62.50,62.50
Malta,MLT,,,NAT_TOTAL,20200901,1.00,1,0.00,,2.00,1,3.00,1,0.00,,0.00,,0.00,,3.00,2.00,0,1.00,,,2.00,1,3.00,2.00,,0.00,3.00,1,0.00,,2.00,1,,0,0,,,,,,,0,,1909,12,42.59,42.59,46.43,46.43,53.12,53.12,51.79,51.79,62.50,62.50
Malta,MLT,,,NAT_TOTAL,20200902,1.00,1,0.00,,2.00,1,3.00,1,0.00,,0.00,,0.00,,3.00,2.00,0,1.00,,,2.00,1,3.00,2.00,,0.00,3.00,1,0.00,,2.00,1,,0,0,,,,,,,0,,1931,13,42.59,42.59,46.43,46.43,53.12,53.12,51.79,51.79,62.50,62.50
Malta,MLT,,,NAT_TOTAL,20200903,1.00,1,0.00,,2.00,1,3.00,1,0.00,,0.00,,0.00,,3.00,2.00,0,1.00,,,2.00,1,3.00,2.00,,0.00,3.00,1,0.00,,2.00,1,,0,0,,,,,,,0,,1965,13,42.59,42.59,46.43,46.43,53.12,53.12,51.79,51.79,62.50,62.50
Malta,MLT,,,NAT_TOTAL,20200904,1.00,1,0.00,,2.00,1,3.00,1,0.00,,0.00,,0.00,,3.00,2.00,0,1.00,,,2.00,1,3.00,2.00,,0.00,3.00,1,0.00,,2.00,1,,0,0,,,,,,,0,,1984,13,42.59,42.59,46.43,46.43,53.12,53.12,51.79,51.79,62.50,62.50
Malta,MLT,,,NAT_TOTAL,20200905,1.00,1,0.00,,2.00,1,3.00,1,0.00,,0.00,,0.00,,3.00,2.00,0,1.00,,,2.00,1,3.00,2.00,,0.00,3.00,1,0.00,,2.00,1,,0,0,,,,,,,0,,2014,14,42.59,42.59,46.43,46.43,53.12,53.12,51.79,51.79,62.50,62.50
Malta,MLT,,,NAT_TOTAL,20200906,1.00,1,0.00,,2.00,1,3.00,1,0.00,,0.00,,0.00,,3.00,2.00,0,1.00,,,2.00,1,3.00,2.00,,0.00,3.00,1,0.00,,2.00,1,,0,0,,,,,,,0,,2039,14,42.59,42.59,46.43,46.43,53.12,53.12,51.79,51.79,62.50,62.50
Malta,MLT,,,NAT_TOTAL,20200907,1.00,1,0.00,,2.00,1,3.00,1,0.00,,0.00,,0.00,,3.00,2.00,0,1.00,,,2.00,1,3.00,2.00,,0.00,3.00,1,0.00,,2.00,1,,0,0,,,,,,,0,,2076,14,42.59,42.59,46.43,46.43,53.12,53.12,51.79,51.79,62.50,62.50
Malta,MLT,,,NAT_TOTAL,20200908,1.00,1,0.00,,2.00,1,3.00,1,0.00,,0.00,,0.00,,3.00,2.00,0,1.00,,,2.00,1,3.00,2.00,,0.00,3.00,1,0.00,,2.00,1,,0,0,,,,,,,0,,2099,14,42.59,42.59,46.43,46.43,53.12,53.12,51.79,51.79,62.50,62.50
Malta,MLT,,,NAT_TOTAL,20200909,1.00,1,0.00,,2.00,1,3.00,1,0.00,,0.00,,0.00,,3.00,2.00,0,1.00,,,2.00,1,3.00,2.00,,0.00,3.00,1,0.00,,2.00,1,,0,0,,,,,,,0,,2162,14,42.59,42.59,46.43,46.43,53.12,53.12,51.79,51.79,62.50,62.50
Malta,MLT,,,NAT_TOTAL,20200910,1.00,1,0.00,,2.00,1,3.00,1,0.00,,0.00,,0.00,,3.00,2.00,0,1.00,,,2.00,1,3.00,2.00,,0.00,3.00,1,0.00,,2.00,1,,0,0,,,,,,,0,,2204,14,42.59,42.59,46.43,46.43,53.12,53.12,51.79,51.79,62.50,62.50
Malta,MLT,,,NAT_TOTAL,20200911,1.00,1,0.00,,2.00,1,3.00,1,0.00,,0.00,,0.00,,3.00,2.00,0,1.00,,,2.00,1,3.00,2.00,,0.00,3.00,1,0.00,,2.00,1,,0,0,,,,,,,0,,2247,15,42.59,42.59,46.43,46.43,53.12,53.12,51.79,51.79,62.50,62.50
Malta,MLT,,,NAT_TOTAL,20200912,1.00,1,0.00,,2.00,1,3.00,1,0.00,,0.00,,0.00,,3.00,2.00,0,1.00,,,2.00,1,3.00,2.00,,0.00,3.00,1,0.00,,2.00,1,,0,0,,,,,,,0,,2274,15,42.59,42.59,46.43,46.43,53.12,53.12,51.79,51.79,62.50,62.50
Malta,MLT,,,NAT_TOTAL,20200913,1.00,1,0.00,,2.00,1,3.00,1,0.00,,0.00,,0.00,,3.00,2.00,0,1.00,,,2.00,1,3.00,2.00,,0.00,3.00,1,0.00,,2.00,1,,0,0,,,,,,,0,,2352,15,42.59,42.59,46.43,46.43,53.12,53.12,51.79,51.79,62.50,62.50
Malta,MLT,,,NAT_TOTAL,20200914,1.00,1,0.00,,2.00,1,3.00,1,0.00,,0.00,,0.00,,3.00,2.00,0,1.00,,,2.00,1,3.00,2.00,,0.00,3.00,1,0.00,,2.00,1,,0,0,,,,,,,0,,2405,16,42.59,42.59,46.43,46.43,53.12,53.12,51.79,51.79,62.50,62.50
Malta,MLT,,,NAT_TOTAL,20200915,1.00,1,0.00,,2.00,1,3.00,1,0.00,,0.00,,0.00,,3.00,2.00,0,1.00,,,2.00,1,3.00,2.00,,0.00,3.00,1,0.00,,2.00,1,,0,0,,,,,,,0,,2454,16,42.59,42.59,46.43,46.43,53.12,53.12,51.79,51.79,62.50,62.50
Malta,MLT,,,NAT_TOTAL,20200916,1.00,1,0.00,,2.00,1,3.00,1,0.00,,0.00,,0.00,,3.00,2.00,0,1.00,,,2.00,1,3.00,2.00,,0.00,3.00,1,0.00,,2.00,1,,0,0,,,,,,,0,,2560,16,42.59,42.59,46.43,46.43,53.12,53.12,51.79,51.79,62.50,62.50
Malta,MLT,,,NAT_TOTAL,20200917,1.00,1,0.00,,2.00,1,3.00,1,0.00,,0.00,,0.00,,3.00,2.00,0,1.00,,,2.00,1,3.00,2.00,,0.00,3.00,1,0.00,,2.00,1,,0,0,,,,,,,0,,2595,16,42.59,42.59,46.43,46.43,53.12,53.12,51.79,51.79,62.50,62.50
Malta,MLT,,,NAT_TOTAL,20200918,1.00,1,0.00,,2.00,1,3.00,1,0.00,,0.00,,0.00,,3.00,2.00,0,1.00,,,2.00,1,3.00,2.00,,0.00,3.00,1,0.00,,2.00,1,,0,0,,,,,,,0,,2634,17,42.59,42.59,46.43,46.43,53.12,53.12,51.79,51.79,62.50,62.50
Malta,MLT,,,NAT_TOTAL,20200919,1.00,1,0.00,,2.00,1,3.00,1,0.00,,0.00,,0.00,,3.00,2.00,0,1.00,,,2.00,1,3.00,2.00,,0.00,3.00,1,0.00,,2.00,1,,0,0,,,,,,,0,,2699,19,42.59,42.59,46.43,46.43,53.12,53.12,51.79,51.79,62.50,62.50
Malta,MLT,,,NAT_TOTAL,20200920,1.00,1,0.00,,2.00,1,3.00,1,0.00,,0.00,,0.00,,3.00,2.00,0,1.00,,,2.00,1,3.00,2.00,,0.00,3.00,1,0.00,,2.00,1,,0,0,,,,,,,0,,2731,20,42.59,42.59,46.43,46.43,53.12,53.12,51.79,51.79,62.50,62.50
Malta,MLT,,,NAT_TOTAL,20200921,1.00,1,0.00,,2.00,1,3.00,1,0.00,,0.00,,0.00,,3.00,2.00,0,1.00,,,2.00,1,3.00,2.00,,0.00,3.00,1,0.00,,2.00,1,,0,0,,,,,,,0,,2776,23,42.59,42.59,46.43,46.43,53.12,53.12,51.79,51.79,62.50,62.50
Malta,MLT,,,NAT_TOTAL,20200922,1.00,1,0.00,,2.00,1,3.00,1,0.00,,0.00,,0.00,,3.00,2.00,0,1.00,,,2.00,1,3.00,2.00,,0.00,3.00,1,0.00,,2.00,1,,0,0,,,,,,,0,,2814,23,42.59,42.59,46.43,46.43,53.12,53.12,51.79,51.79,62.50,62.50
Malta,MLT,,,NAT_TOTAL,20200923,1.00,1,0.00,,2.00,1,3.00,1,0.00,,0.00,,0.00,,3.00,2.00,0,1.00,,,2.00,1,3.00,2.00,,0.00,3.00,1,0.00,,2.00,1,,0,0,,,,,,,0,,2856,25,42.59,42.59,46.43,46.43,53.12,53.12,51.79,51.79,62.50,62.50
Malta,MLT,,,NAT_TOTAL,20200924,1.00,1,0.00,,2.00,1,3.00,1,0.00,,0.00,,0.00,,3.00,2.00,0,1.00,,,2.00,1,3.00,2.00,,0.00,3.00,1,0.00,,2.00,1,,0,0,,,,,,,0,,2898,27,42.59,42.59,46.43,46.43,53.12,53.12,51.79,51.79,62.50,62.50
Malta,MLT,,,NAT_TOTAL,20200925,1.00,1,0.00,,2.00,1,3.00,1,0.00,,0.00,,0.00,,3.00,2.00,0,1.00,,,2.00,1,3.00,2.00,,0.00,3.00,1,0.00,,2.00,1,,0,0,,,,,,,0,,2929,29,42.59,42.59,46.43,46.43,53.12,53.12,51.79,51.79,62.50,62.50
Malta,MLT,,,NAT_TOTAL,20200926,1.00,1,0.00,,2.00,1,3.00,1,0.00,,0.00,,0.00,,3.00,2.00,0,1.00,,,2.00,1,3.00,2.00,,0.00,3.00,1,0.00,,2.00,1,,0,0,,,,,,,0,,2958,31,42.59,42.59,46.43,46.43,53.12,53.12,51.79,51.79,62.50,62.50
Malta,MLT,,,NAT_TOTAL,20200927,1.00,1,0.00,,2.00,1,3.00,1,0.00,,0.00,,0.00,,3.00,2.00,0,1.00,,,2.00,1,3.00,2.00,,0.00,3.00,1,0.00,,2.00,1,,0,0,,,,,,,0,,2979,31,42.59,42.59,46.43,46.43,53.12,53.12,51.79,51.79,62.50,62.50
Malta,MLT,,,NAT_TOTAL,20200928,1.00,1,0.00,,2.00,1,3.00,1,0.00,,0.00,,0.00,,3.00,2.00,0,1.00,,,2.00,1,3.00,2.00,,0.00,3.00,1,0.00,,2.00,1,,0,0,,,,,,,0,,3006,32,42.59,42.59,46.43,46.43,53.12,53.12,51.79,51.79,62.50,62.50
Malta,MLT,,,NAT_TOTAL,20200929,1.00,1,0.00,,2.00,1,3.00,1,0.00,,0.00,,0.00,,3.00,2.00,0,1.00,,,2.00,1,3.00,2.00,,0.00,3.00,1,0.00,,2.00,1,,0,0,,,,,,,0,,3035,34,42.59,42.59,46.43,46.43,53.12,53.12,51.79,51.79,62.50,62.50
Malta,MLT,,,NAT_TOTAL,20200930,1.00,1,0.00,,2.00,1,3.00,1,0.00,,0.00,,0.00,,3.00,2.00,0,1.00,,,2.00,1,3.00,2.00,,0.00,3.00,1,0.00,,2.00,1,,0,0,,,,,,,0,,3058,35,42.59,42.59,46.43,46.43,53.12,53.12,51.79,51.79,62.50,62.50
Malta,MLT,,,NAT_TOTAL,20201001,1.00,1,0.00,,2.00,1,4.00,1,0.00,,0.00,,0.00,,3.00,2.00,0,1.00,,,2.00,1,3.00,2.00,,0.00,3.00,1,0.00,,2.00,1,,0,0,,,,,,,0,,3095,35,45.37,45.37,46.43,46.43,54.69,54.69,53.57,53.57,62.50,62.50
Malta,MLT,,,NAT_TOTAL,20201002,1.00,1,0.00,,2.00,1,4.00,1,0.00,,0.00,,0.00,,3.00,2.00,0,1.00,,,2.00,1,3.00,2.00,,0.00,3.00,1,0.00,,2.00,1,,0,0,,,,,,,0,,3139,37,45.37,45.37,46.43,46.43,54.69,54.69,53.57,53.57,62.50,62.50
Malta,MLT,,,NAT_TOTAL,20201003,1.00,1,0.00,,2.00,1,4.00,1,0.00,,0.00,,0.00,,3.00,2.00,0,1.00,,,2.00,1,3.00,2.00,,0.00,3.00,1,0.00,,2.00,1,,0,0,,,,,,,0,,3204,38,45.37,45.37,46.43,46.43,54.69,54.69,53.57,53.57,62.50,62.50
Malta,MLT,,,NAT_TOTAL,20201004,1.00,1,0.00,,2.00,1,4.00,1,0.00,,0.00,,0.00,,3.00,2.00,0,1.00,,,2.00,1,3.00,2.00,,0.00,3.00,1,0.00,,2.00,1,,0,0,,,,,,,0,,3270,39,45.37,45.37,46.43,46.43,54.69,54.69,53.57,53.57,62.50,62.50
Malta,MLT,,,NAT_TOTAL,20201005,1.00,1,0.00,,2.00,1,4.00,1,0.00,,0.00,,0.00,,3.00,2.00,0,1.00,,,2.00,1,3.00,2.00,,0.00,3.00,1,0.00,,2.00,1,,0,0,,,,,,,0,,3327,39,45.37,45.37,46.43,46.43,54.69,54.69,53.57,53.57,62.50,62.50
Malta,MLT,,,NAT_TOTAL,20201006,1.00,1,0.00,,2.00,1,4.00,1,0.00,,0.00,,0.00,,3.00,2.00,0,1.00,,,2.00,1,3.00,2.00,,0.00,3.00,1,0.00,,2.00,1,,0,0,,,,,,,0,,3374,40,45.37,45.37,46.43,46.43,54.69,54.69,53.57,53.57,62.50,62.50
Malta,MLT,,,NAT_TOTAL,20201007,1.00,1,0.00,,2.00,1,4.00,1,0.00,,0.00,,0.00,,3.00,2.00,0,1.00,,,2.00,1,3.00,2.00,,0.00,3.00,1,0.00,,2.00,1,,0,0,,,,,,,0,,3442,41,45.37,45.37,46.43,46.43,54.69,54.69,53.57,53.57,62.50,62.50
Malta,MLT,,,NAT_TOTAL,20201008,1.00,1,0.00,,2.00,1,4.00,1,0.00,,0.00,,0.00,,3.00,2.00,0,1.00,,,2.00,1,3.00,2.00,,0.00,3.00,1,0.00,,2.00,1,,0,0,,,,,,,0,,3506,41,45.37,45.37,46.43,46.43,54.69,54.69,53.57,53.57,62.50,62.50
Malta,MLT,,,NAT_TOTAL,20201009,1.00,1,0.00,,2.00,1,4.00,1,0.00,,0.00,,0.00,,3.00,2.00,0,1.00,,,2.00,1,3.00,2.00,,0.00,3.00,1,0.00,,2.00,1,,0,0,,,,,,,0,,3581,41,45.37,45.37,46.43,46.43,54.69,54.69,53.57,53.57,62.50,62.50
Malta,MLT,,,NAT_TOTAL,20201010,1.00,1,0.00,,2.00,1,4.00,1,0.00,,0.00,,0.00,,3.00,2.00,0,1.00,,,2.00,1,3.00,2.00,,0.00,3.00,1,0.00,,2.00,1,,0,0,,,,,,,0,,3681,41,45.37,45.37,46.43,46.43,54.69,54.69,53.57,53.57,62.50,62.50
Malta,MLT,,,NAT_TOTAL,20201011,1.00,1,0.00,,2.00,1,4.00,1,0.00,,0.00,,0.00,,3.00,2.00,0,1.00,,,2.00,1,3.00,2.00,,0.00,3.00,1,0.00,,2.00,1,,0,0,,,,,,,0,,3776,41,45.37,45.37,46.43,46.43,54.69,54.69,53.57,53.57,62.50,62.50
Malta,MLT,,,NAT_TOTAL,20201012,1.00,1,0.00,,2.00,1,4.00,1,0.00,,0.00,,0.00,,3.00,2.00,0,1.00,,,2.00,1,3.00,2.00,,0.00,3.00,1,0.00,,2.00,1,,0,0,,,,,,,0,,3844,43,45.37,45.37,46.43,46.43,54.69,54.69,53.57,53.57,62.50,62.50
Malta,MLT,,,NAT_TOTAL,20201013,1.00,1,0.00,,2.00,1,4.00,1,0.00,,0.00,,0.00,,3.00,2.00,0,1.00,,,2.00,1,3.00,2.00,,0.00,3.00,1,0.00,,2.00,1,,0,0,,,,,,,0,,3937,44,45.37,45.37,46.43,46.43,54.69,54.69,53.57,53.57,62.50,62.50
Malta,MLT,,,NAT_TOTAL,20201014,1.00,1,0.00,,2.00,1,4.00,1,0.00,,0.00,,0.00,,3.00,2.00,0,1.00,,,2.00,1,3.00,2.00,,0.00,3.00,1,0.00,,2.00,1,,0,0,,,,,,,0,,4048,44,45.37,45.37,46.43,46.43,54.69,54.69,53.57,53.57,62.50,62.50
Malta,MLT,,,NAT_TOTAL,20201015,1.00,1,0.00,,2.00,1,4.00,1,0.00,,0.00,,0.00,,3.00,2.00,0,1.00,,,2.00,1,3.00,2.00,,0.00,3.00,1,0.00,,2.00,1,,0,0,,,,,,,0,,4160,45,45.37,45.37,46.43,46.43,54.69,54.69,53.57,53.57,62.50,62.50
Malta,MLT,,,NAT_TOTAL,20201016,1.00,1,0.00,,2.00,1,4.00,1,0.00,,0.00,,0.00,,3.00,2.00,0,1.00,,,2.00,1,3.00,2.00,,0.00,3.00,1,0.00,,2.00,1,,0,0,,,,,,,0,,4282,45,45.37,45.37,46.43,46.43,54.69,54.69,53.57,53.57,62.50,62.50
Malta,MLT,,,NAT_TOTAL,20201017,1.00,1,0.00,,2.00,1,4.00,1,0.00,,0.00,,0.00,,3.00,2.00,0,1.00,,,2.00,1,3.00,2.00,,0.00,4.00,1,0.00,,2.00,1,,0,0,,,,,,,0,,4486,45,45.37,45.37,46.43,46.43,56.25,56.25,55.36,55.36,62.50,62.50
Malta,MLT,,,NAT_TOTAL,20201018,1.00,1,0.00,,2.00,1,4.00,1,0.00,,0.00,,0.00,,3.00,2.00,0,1.00,,,2.00,1,3.00,2.00,,0.00,4.00,1,0.00,,2.00,1,,0,0,,,,,,,0,,4628,45,45.37,45.37,46.43,46.43,56.25,56.25,55.36,55.36,62.50,62.50
Malta,MLT,,,NAT_TOTAL,20201019,1.00,1,1.00,1,2.00,1,4.00,1,0.00,,0.00,,0.00,,3.00,2.00,0,1.00,,,2.00,1,3.00,2.00,,0.00,4.00,1,0.00,,2.00,1,,0,0,,,,,,,0,,4737,45,49.07,49.07,53.57,53.57,58.33,58.33,57.74,57.74,62.50,62.50
Malta,MLT,,,NAT_TOTAL,20201020,1.00,1,1.00,1,2.00,1,4.00,1,0.00,,0.00,,0.00,,3.00,2.00,0,1.00,,,2.00,1,3.00,2.00,,0.00,4.00,1,0.00,,2.00,1,,0,0,,,,,,,0,,4871,46,49.07,49.07,53.57,53.57,58.33,58.33,57.74,57.74,62.50,62.50
Malta,MLT,,,NAT_TOTAL,20201021,1.00,1,1.00,1,2.00,1,4.00,1,0.00,,0.00,,0.00,,3.00,2.00,0,1.00,,,2.00,1,3.00,2.00,,0.00,4.00,1,0.00,,2.00,1,,0,0,,,,,,,0,,5026,46,49.07,49.07,53.57,53.57,58.33,58.33,57.74,57.74,62.50,62.50
Malta,MLT,,,NAT_TOTAL,20201022,1.00,1,1.00,1,2.00,1,4.00,1,0.00,,0.00,,0.00,,3.00,2.00,0,1.00,,,2.00,1,3.00,2.00,,0.00,4.00,1,0.00,,2.00,1,,0,0,,,,,,,0,,5137,49,49.07,49.07,53.57,53.57,58.33,58.33,57.74,57.74,62.50,62.50
Malta,MLT,,,NAT_TOTAL,20201023,1.00,1,1.00,1,2.00,1,4.00,1,0.00,,0.00,,0.00,,3.00,2.00,0,1.00,,,2.00,1,3.00,2.00,,0.00,4.00,1,0.00,,2.00,1,,0,0,,,,,,,0,,5258,49,49.07,49.07,53.57,53.57,58.33,58.33,57.74,57.74,62.50,62.50
Malta,MLT,,,NAT_TOTAL,20201024,1.00,1,1.00,1,2.00,1,4.00,1,0.00,,0.00,,0.00,,3.00,2.00,0,1.00,,,2.00,1,3.00,2.00,,0.00,4.00,1,0.00,,2.00,1,,0,0,,,,,,,0,,5373,50,49.07,49.07,53.57,53.57,58.33,58.33,57.74,57.74,62.50,62.50
Malta,MLT,,,NAT_TOTAL,20201025,1.00,1,1.00,1,2.00,1,4.00,1,0.00,,0.00,,0.00,,3.00,2.00,0,1.00,,,2.00,1,3.00,2.00,,0.00,4.00,1,0.00,,2.00,1,,0,0,,,,,,,0,,5498,51,49.07,49.07,53.57,53.57,58.33,58.33,57.74,57.74,62.50,62.50
Malta,MLT,,,NAT_TOTAL,20201026,1.00,1,1.00,1,2.00,1,4.00,1,0.00,,0.00,,0.00,,3.00,2.00,0,1.00,,,2.00,1,3.00,2.00,,0.00,4.00,1,0.00,,2.00,1,,0,0,,,,,,,0,,5578,53,49.07,49.07,53.57,53.57,58.33,58.33,57.74,57.74,62.50,62.50
Malta,MLT,,,NAT_TOTAL,20201027,1.00,1,1.00,1,2.00,1,4.00,1,0.00,,0.00,,0.00,,3.00,2.00,0,1.00,,,2.00,1,3.00,2.00,,0.00,4.00,1,0.00,,2.00,1,,0,0,,,,,,,0,,5685,55,49.07,49.07,53.57,53.57,58.33,58.33,57.74,57.74,62.50,62.50
Malta,MLT,,,NAT_TOTAL,20201028,1.00,1,1.00,1,2.00,1,4.00,1,0.00,,0.00,,0.00,,3.00,2.00,0,1.00,,,2.00,1,3.00,2.00,,0.00,4.00,1,0.00,,2.00,1,,0,0,,,,,,,0,,5760,56,49.07,49.07,53.57,53.57,58.33,58.33,57.74,57.74,62.50,62.50
Malta,MLT,,,NAT_TOTAL,20201029,1.00,1,2.00,1,2.00,1,4.00,1,0.00,,0.00,,0.00,,3.00,2.00,0,1.00,,,2.00,1,3.00,2.00,,0.00,4.00,1,0.00,,2.00,1,,0,0,,,,,,,0,,5866,59,52.78,52.78,57.14,57.14,60.42,60.42,60.12,60.12,62.50,62.50
Malta,MLT,,,NAT_TOTAL,20201030,1.00,1,2.00,1,2.00,1,4.00,1,0.00,,0.00,,0.00,,3.00,2.00,0,1.00,,,2.00,1,3.00,2.00,,0.00,4.00,1,0.00,,2.00,1,,0,0,,,,,,,0,,5942,61,52.78,52.78,57.14,57.14,60.42,60.42,60.12,60.12,62.50,62.50
Malta,MLT,,,NAT_TOTAL,20201031,1.00,1,2.00,1,2.00,1,4.00,1,0.00,,0.00,,0.00,,3.00,2.00,0,1.00,,,2.00,1,3.00,2.00,,0.00,4.00,1,0.00,,2.00,1,,0,0,,,,,,,0,,6042,62,52.78,52.78,57.14,57.14,60.42,60.42,60.12,60.12,62.50,62.50
Malta,MLT,,,NAT_TOTAL,20201101,1.00,1,2.00,1,2.00,1,4.00,1,0.00,,0.00,,0.00,,3.00,2.00,0,1.00,,,2.00,1,3.00,2.00,,0.00,4.00,1,0.00,,2.00,1,,0,0,,,,,,,0,,6182,64,52.78,52.78,57.14,57.14,60.42,60.42,60.12,60.12,62.50,62.50
Malta,MLT,,,NAT_TOTAL,20201102,1.00,1,2.00,1,2.00,1,4.00,1,0.00,,0.00,,0.00,,3.00,2.00,0,1.00,,,2.00,1,3.00,2.00,,0.00,4.00,1,0.00,,2.00,1,,0,0,,,,,,,0,,6400,66,52.78,52.78,57.14,57.14,60.42,60.42,60.12,60.12,62.50,62.50
Malta,MLT,,,NAT_TOTAL,20201103,1.00,1,2.00,1,2.00,1,4.00,1,0.00,,0.00,,0.00,,3.00,2.00,0,1.00,,,2.00,1,3.00,2.00,,0.00,4.00,1,0.00,,2.00,1,,0,0,,,,,,,0,,6506,64,52.78,52.78,57.14,57.14,60.42,60.42,60.12,60.12,62.50,62.50
Malta,MLT,,,NAT_TOTAL,20201104,1.00,1,2.00,1,2.00,1,4.00,1,0.00,,0.00,,0.00,,3.00,2.00,0,1.00,,,2.00,1,3.00,2.00,,0.00,4.00,1,0.00,,2.00,1,,0,0,,,,,,,0,,6590,65,52.78,52.78,57.14,57.14,60.42,60.42,60.12,60.12,62.50,62.50
Malta,MLT,,,NAT_TOTAL,20201105,1.00,1,2.00,1,2.00,1,4.00,1,0.00,,0.00,,0.00,,3.00,2.00,0,1.00,,,2.00,1,3.00,2.00,,0.00,4.00,1,0.00,,2.00,1,,0,0,,,,,,,0,,6764,70,52.78,52.78,57.14,57.14,60.42,60.42,60.12,60.12,62.50,62.50
Malta,MLT,,,NAT_TOTAL,20201106,1.00,1,2.00,1,2.00,1,4.00,1,0.00,,0.00,,0.00,,3.00,2.00,0,1.00,,,2.00,1,3.00,2.00,,0.00,4.00,1,0.00,,2.00,1,,0,0,,,,,,,0,,6893,73,52.78,52.78,57.14,57.14,60.42,60.42,60.12,60.12,62.50,62.50
Malta,MLT,,,NAT_TOTAL,20201107,1.00,1,2.00,1,2.00,1,4.00,1,0.00,,0.00,,0.00,,3.00,2.00,0,1.00,,,2.00,1,3.00,2.00,,0.00,4.00,1,0.00,,2.00,1,,0,0,,,,,,,0,,7039,74,52.78,52.78,57.14,57.14,60.42,60.42,60.12,60.12,62.50,62.50
Malta,MLT,,,NAT_TOTAL,20201108,1.00,1,2.00,1,2.00,1,4.00,1,0.00,,0.00,,0.00,,3.00,2.00,0,1.00,,,2.00,1,3.00,2.00,,0.00,4.00,1,0.00,,2.00,1,,0,0,,,,,,,0,,7141,76,52.78,52.78,57.14,57.14,60.42,60.42,60.12,60.12,62.50,62.50
Malta,MLT,,,NAT_TOTAL,20201109,1.00,1,2.00,1,2.00,1,4.00,1,0.00,,0.00,,0.00,,3.00,2.00,0,1.00,,,2.00,1,3.00,2.00,,0.00,4.00,1,0.00,,2.00,1,,0,0,,,,,,,0,,7243,78,52.78,52.78,57.14,57.14,60.42,60.42,60.12,60.12,62.50,62.50
Malta,MLT,,,NAT_TOTAL,20201110,1.00,1,2.00,1,2.00,1,4.00,1,0.00,,0.00,,0.00,,3.00,2.00,0,1.00,,,2.00,1,3.00,2.00,,0.00,4.00,1,0.00,,2.00,1,,0,0,,,,,,,0,,7396,81,52.78,52.78,57.14,57.14,60.42,60.42,60.12,60.12,62.50,62.50
Malta,MLT,,,NAT_TOTAL,20201111,1.00,1,2.00,1,2.00,1,4.00,1,0.00,,0.00,,0.00,,3.00,2.00,0,1.00,,,2.00,1,3.00,2.00,,0.00,4.00,1,0.00,,2.00,1,,0,0,,,,,,,0,,7537,88,52.78,52.78,57.14,57.14,60.42,60.42,60.12,60.12,62.50,62.50
Malta,MLT,,,NAT_TOTAL,20201112,1.00,1,2.00,1,2.00,1,4.00,1,0.00,,0.00,,0.00,,3.00,2.00,0,1.00,,,2.00,1,3.00,2.00,,0.00,4.00,1,0.00,,2.00,1,,0,0,,,,,,,0,,7646,88,52.78,52.78,57.14,57.14,60.42,60.42,60.12,60.12,62.50,62.50
Malta,MLT,,,NAT_TOTAL,20201113,1.00,1,2.00,1,2.00,1,4.00,1,0.00,,0.00,,0.00,,3.00,2.00,0,1.00,,,2.00,1,3.00,2.00,,0.00,4.00,1,0.00,,2.00,1,,0,0,,,,,,,0,,7796,92,52.78,52.78,57.14,57.14,60.42,60.42,60.12,60.12,62.50,62.50
Malta,MLT,,,NAT_TOTAL,20201114,1.00,1,2.00,1,2.00,1,4.00,1,0.00,,0.00,,0.00,,3.00,2.00,0,1.00,,,2.00,1,3.00,2.00,,0.00,4.00,1,0.00,,2.00,1,,0,0,,,,,,,0,,7917,95,52.78,52.78,57.14,57.14,60.42,60.42,60.12,60.12,62.50,62.50
Malta,MLT,,,NAT_TOTAL,20201115,1.00,1,2.00,1,2.00,1,4.00,1,0.00,,0.00,,0.00,,3.00,2.00,0,1.00,,,2.00,1,3.00,2.00,,0.00,4.00,1,0.00,,2.00,1,,0,0,,,,,,,0,,8034,97,52.78,52.78,57.14,57.14,60.42,60.42,60.12,60.12,62.50,62.50
Malta,MLT,,,NAT_TOTAL,20201116,1.00,1,2.00,1,2.00,1,4.00,1,0.00,,0.00,,0.00,,3.00,2.00,0,1.00,,,2.00,1,3.00,2.00,,0.00,4.00,1,0.00,,2.00,1,,0,0,,,,,,,0,,8137,98,52.78,52.78,57.14,57.14,60.42,60.42,60.12,60.12,62.50,62.50
Malta,MLT,,,NAT_TOTAL,20201117,1.00,1,2.00,1,2.00,1,4.00,1,0.00,,0.00,,0.00,,3.00,2.00,0,1.00,,,2.00,1,3.00,2.00,,0.00,4.00,1,0.00,,2.00,1,,0,0,,,,,,,0,,8247,101,52.78,52.78,57.14,57.14,60.42,60.42,60.12,60.12,62.50,62.50
Malta,MLT,,,NAT_TOTAL,20201118,1.00,1,2.00,1,2.00,1,4.00,1,0.00,,0.00,,0.00,,3.00,2.00,0,1.00,,,2.00,1,3.00,2.00,,0.00,4.00,1,0.00,,2.00,1,,0,0,,,,,,,0,,8420,103,52.78,52.78,57.14,57.14,60.42,60.42,60.12,60.12,62.50,62.50
Malta,MLT,,,NAT_TOTAL,20201119,1.00,1,2.00,1,2.00,1,4.00,1,0.00,,0.00,,0.00,,3.00,2.00,0,1.00,,,2.00,1,3.00,2.00,,0.00,4.00,1,0.00,,2.00,1,,0,0,,,,,,,0,,8560,104,52.78,52.78,57.14,57.14,60.42,60.42,60.12,60.12,62.50,62.50
Malta,MLT,,,NAT_TOTAL,20201120,1.00,1,2.00,1,2.00,1,4.00,1,0.00,,0.00,,0.00,,3.00,2.00,0,1.00,,,2.00,1,3.00,2.00,,0.00,4.00,1,0.00,,2.00,1,,0,0,,,,,,,0,,8681,108,52.78,52.78,57.14,57.14,60.42,60.42,60.12,60.12,62.50,62.50
Malta,MLT,,,NAT_TOTAL,20201121,1.00,1,2.00,1,2.00,1,4.00,1,0.00,,0.00,,0.00,,3.00,2.00,0,1.00,,,2.00,1,3.00,2.00,,0.00,4.00,1,0.00,,2.00,1,,0,0,,,,,,,0,,8822,111,52.78,52.78,57.14,57.14,60.42,60.42,60.12,60.12,62.50,62.50
Malta,MLT,,,NAT_TOTAL,20201122,1.00,1,2.00,1,2.00,1,4.00,1,0.00,,0.00,,0.00,,3.00,2.00,0,1.00,,,2.00,1,3.00,2.00,,0.00,4.00,1,0.00,,2.00,1,,0,0,,,,,,,0,,8924,111,52.78,52.78,57.14,57.14,60.42,60.42,60.12,60.12,62.50,62.50
Malta,MLT,,,NAT_TOTAL,20201123,1.00,1,2.00,1,2.00,1,4.00,1,0.00,,0.00,,0.00,,3.00,2.00,0,1.00,,,2.00,1,3.00,2.00,,0.00,4.00,1,0.00,,2.00,1,,0,0,,,,,,,0,,9004,113,52.78,52.78,57.14,57.14,60.42,60.42,60.12,60.12,62.50,62.50
Malta,MLT,,,NAT_TOTAL,20201124,1.00,1,2.00,1,2.00,1,4.00,1,0.00,,0.00,,0.00,,3.00,2.00,0,1.00,,,2.00,1,3.00,2.00,,0.00,4.00,1,0.00,,2.00,1,,0,0,,,,,,,0,,9137,117,52.78,52.78,57.14,57.14,60.42,60.42,60.12,60.12,62.50,62.50
Malta,MLT,,,NAT_TOTAL,20201125,1.00,1,2.00,1,2.00,1,4.00,1,0.00,,0.00,,0.00,,3.00,2.00,0,1.00,,,2.00,1,3.00,2.00,,0.00,4.00,1,0.00,,2.00,1,,0,0,,,,,,,0,,9253,122,52.78,52.78,57.14,57.14,60.42,60.42,60.12,60.12,62.50,62.50
Malta,MLT,,,NAT_TOTAL,20201126,1.00,1,2.00,1,2.00,1,4.00,1,0.00,,0.00,,0.00,,3.00,2.00,0,1.00,,,2.00,1,3.00,2.00,,0.00,4.00,1,0.00,,2.00,1,,0,0,,,,,,,0,,9405,125,52.78,52.78,57.14,57.14,60.42,60.42,60.12,60.12,62.50,62.50
Malta,MLT,,,NAT_TOTAL,20201127,1.00,1,2.00,1,2.00,1,4.00,1,0.00,,0.00,,0.00,,3.00,2.00,0,1.00,,,2.00,1,3.00,2.00,,0.00,4.00,1,0.00,,2.00,1,,0,0,,,,,,,0,,9501,128,52.78,52.78,57.14,57.14,60.42,60.42,60.12,60.12,62.50,62.50
Malta,MLT,,,NAT_TOTAL,20201128,1.00,1,2.00,1,2.00,1,4.00,1,0.00,,0.00,,0.00,,3.00,2.00,0,1.00,,,2.00,1,3.00,2.00,,0.00,4.00,1,0.00,,2.00,1,,0,0,,,,,,,0,,9609,132,52.78,52.78,57.14,57.14,60.42,60.42,60.12,60.12,62.50,62.50
Malta,MLT,,,NAT_TOTAL,20201129,1.00,1,2.00,1,2.00,1,4.00,1,0.00,,0.00,,0.00,,3.00,2.00,0,1.00,,,2.00,1,3.00,2.00,,0.00,4.00,1,0.00,,2.00,1,,0,0,,,,,,,0,,9752,133,52.78,52.78,57.14,57.14,60.42,60.42,60.12,60.12,62.50,62.50
Malta,MLT,,,NAT_TOTAL,20201130,1.00,1,2.00,1,2.00,1,4.00,1,0.00,,0.00,,0.00,,3.00,2.00,0,1.00,,,2.00,1,3.00,2.00,,0.00,4.00,1,0.00,,2.00,1,,0,0,,,,,,,0,,9873,137,52.78,52.78,57.14,57.14,60.42,60.42,60.12,60.12,62.50,62.50
Malta,MLT,,,NAT_TOTAL,20201201,1.00,1,2.00,1,2.00,1,4.00,1,0.00,,0.00,,0.00,,3.00,2.00,0,1.00,,,2.00,1,3.00,2.00,,0.00,4.00,1,0.00,,2.00,1,,0,0,,,,,,,0,,9975,141,52.78,52.78,57.14,57.14,60.42,60.42,60.12,60.12,62.50,62.50
Malta,MLT,,,NAT_TOTAL,20201202,1.00,1,2.00,1,2.00,1,4.00,1,0.00,,0.00,,0.00,,3.00,2.00,0,1.00,,,2.00,1,3.00,2.00,,0.00,4.00,1,0.00,,2.00,1,,0,0,,,,,,,0,,10101,146,52.78,52.78,57.14,57.14,60.42,60.42,60.12,60.12,62.50,62.50
Malta,MLT,,,NAT_TOTAL,20201203,1.00,1,2.00,1,2.00,1,4.00,1,0.00,,0.00,,0.00,,3.00,2.00,0,1.00,,,2.00,1,3.00,2.00,,0.00,4.00,1,0.00,,2.00,1,,0,0,,,,,,,0,,10197,148,52.78,52.78,57.14,57.14,60.42,60.42,60.12,60.12,62.50,62.50
Malta,MLT,,,NAT_TOTAL,20201204,1.00,1,2.00,1,2.00,1,4.00,1,0.00,,0.00,,0.00,,3.00,2.00,0,1.00,,,2.00,1,3.00,2.00,,0.00,4.00,1,0.00,,2.00,1,,0,0,,,,,,,0,,10320,149,52.78,52.78,57.14,57.14,60.42,60.42,60.12,60.12,62.50,62.50
Malta,MLT,,,NAT_TOTAL,20201205,1.00,1,2.00,1,2.00,1,4.00,1,0.00,,0.00,,0.00,,3.00,2.00,0,1.00,,,2.00,1,3.00,2.00,,0.00,4.00,1,0.00,,2.00,1,,0,0,,,,,,,0,,10423,149,52.78,52.78,57.14,57.14,60.42,60.42,60.12,60.12,62.50,62.50
Malta,MLT,,,NAT_TOTAL,20201206,1.00,1,2.00,1,2.00,1,4.00,1,0.00,,0.00,,0.00,,3.00,2.00,0,1.00,,,2.00,1,3.00,2.00,,0.00,4.00,1,0.00,,2.00,1,,0,0,,,,,,,0,,10520,151,52.78,52.78,57.14,57.14,60.42,60.42,60.12,60.12,62.50,62.50
Malta,MLT,,,NAT_TOTAL,20201207,1.00,1,2.00,1,2.00,1,4.00,1,0.00,,0.00,,0.00,,3.00,2.00,0,1.00,,,2.00,1,3.00,2.00,,0.00,4.00,1,0.00,,2.00,1,,0,0,,,,,,,0,,10659,155,52.78,52.78,57.14,57.14,60.42,60.42,60.12,60.12,62.50,62.50
Malta,MLT,,,NAT_TOTAL,20201208,1.00,1,2.00,1,2.00,1,4.00,1,0.00,,0.00,,0.00,,3.00,2.00,0,1.00,,,2.00,1,3.00,2.00,,0.00,4.00,1,0.00,,2.00,1,,0,0,,,,,,,0,,10699,157,52.78,52.78,57.14,57.14,60.42,60.42,60.12,60.12,62.50,62.50
Malta,MLT,,,NAT_TOTAL,20201209,1.00,1,2.00,1,2.00,1,4.00,1,0.00,,0.00,,0.00,,3.00,2.00,0,1.00,,,2.00,1,3.00,2.00,,0.00,4.00,1,0.00,,2.00,1,,0,0,,,,,,,0,,10778,160,52.78,52.78,57.14,57.14,60.42,60.42,60.12,60.12,62.50,62.50
Malta,MLT,,,NAT_TOTAL,20201210,1.00,1,2.00,1,2.00,1,4.00,1,0.00,,0.00,,0.00,,3.00,2.00,0,1.00,,,2.00,1,3.00,2.00,,0.00,4.00,1,0.00,,2.00,1,,0,0,,,,,,,0,,10884,164,52.78,52.78,57.14,57.14,60.42,60.42,60.12,60.12,62.50,62.50
Malta,MLT,,,NAT_TOTAL,20201211,1.00,1,2.00,1,2.00,1,4.00,1,0.00,,0.00,,0.00,,3.00,2.00,0,1.00,,,2.00,1,3.00,2.00,,0.00,4.00,1,0.00,,2.00,1,,0,0,,,,,,,0,,10980,166,52.78,52.78,57.14,57.14,60.42,60.42,60.12,60.12,62.50,62.50
Malta,MLT,,,NAT_TOTAL,20201212,1.00,1,2.00,1,2.00,1,4.00,1,0.00,,0.00,,0.00,,3.00,2.00,0,1.00,,,2.00,1,3.00,2.00,,0.00,4.00,1,0.00,,2.00,1,,0,0,,,,,,,0,,11101,166,52.78,52.78,57.14,57.14,60.42,60.42,60.12,60.12,62.50,62.50
Malta,MLT,,,NAT_TOTAL,20201213,1.00,1,2.00,1,2.00,1,4.00,1,0.00,,0.00,,0.00,,3.00,2.00,0,1.00,,,2.00,1,3.00,2.00,,0.00,4.00,1,0.00,,2.00,1,,0,0,,,,,,,0,,11153,169,52.78,52.78,57.14,57.14,60.42,60.42,60.12,60.12,62.50,62.50
Malta,MLT,,,NAT_TOTAL,20201214,1.00,1,2.00,1,2.00,1,4.00,1,0.00,,0.00,,0.00,,3.00,2.00,0,1.00,,,2.00,1,3.00,2.00,,0.00,4.00,1,0.00,,2.00,1,,0,0,,,,,,,0,,11254,174,52.78,52.78,57.14,57.14,60.42,60.42,60.12,60.12,62.50,62.50
Malta,MLT,,,NAT_TOTAL,20201215,1.00,1,2.00,1,2.00,1,4.00,1,0.00,,0.00,,0.00,,3.00,2.00,0,1.00,,,2.00,1,3.00,2.00,,0.00,4.00,1,0.00,,2.00,1,,0,0,,,,,,,0,,11303,177,52.78,52.78,57.14,57.14,60.42,60.42,60.12,60.12,62.50,62.50
Malta,MLT,,,NAT_TOTAL,20201216,1.00,1,2.00,1,2.00,1,4.00,1,0.00,,0.00,,0.00,,3.00,2.00,0,1.00,,,2.00,1,3.00,2.00,,0.00,4.00,1,0.00,,2.00,1,,0,0,,,,,,,0,,11415,180,52.78,52.78,57.14,57.14,60.42,60.42,60.12,60.12,62.50,62.50
Malta,MLT,,,NAT_TOTAL,20201217,1.00,1,2.00,1,2.00,1,4.00,1,0.00,,0.00,,0.00,,3.00,2.00,0,1.00,,,2.00,1,3.00,2.00,,0.00,4.00,1,0.00,,2.00,1,,1,0,,,,,,,0,,11475,182,52.78,52.78,57.14,57.14,60.42,60.42,60.12,60.12,62.50,62.50
Malta,MLT,,,NAT_TOTAL,20201218,1.00,1,2.00,1,2.00,1,4.00,1,0.00,,0.00,,0.00,,3.00,2.00,0,1.00,,,2.00,1,3.00,2.00,,0.00,4.00,1,0.00,,2.00,1,,1,0,,,,,,,0,,11569,183,52.78,52.78,57.14,57.14,60.42,60.42,60.12,60.12,62.50,62.50
Malta,MLT,,,NAT_TOTAL,20201219,1.00,1,2.00,1,2.00,1,4.00,1,0.00,,0.00,,0.00,,3.00,2.00,0,1.00,,,2.00,1,3.00,2.00,,0.00,4.00,1,0.00,,2.00,1,,1,0,,,,,,,0,,11621,187,52.78,52.78,57.14,57.14,60.42,60.42,60.12,60.12,62.50,62.50
Malta,MLT,,,NAT_TOTAL,20201220,1.00,1,2.00,1,2.00,1,4.00,1,0.00,,0.00,,0.00,,3.00,2.00,0,1.00,,,2.00,1,3.00,2.00,,0.00,4.00,1,0.00,,2.00,1,,1,0,,,,,,,0,,11714,190,52.78,52.78,57.14,57.14,60.42,60.42,60.12,60.12,62.50,62.50
Malta,MLT,,,NAT_TOTAL,20201221,1.00,1,2.00,1,2.00,1,4.00,1,0.00,,0.00,,0.00,,3.00,2.00,0,1.00,,,2.00,1,3.00,2.00,,0.00,4.00,1,0.00,,2.00,1,,1,0,,,,,,,0,,11802,194,52.78,52.78,57.14,57.14,60.42,60.42,60.12,60.12,62.50,62.50
Malta,MLT,,,NAT_TOTAL,20201222,1.00,1,2.00,1,2.00,1,4.00,1,0.00,,0.00,,0.00,,3.00,2.00,0,1.00,,,2.00,1,3.00,2.00,,0.00,4.00,1,0.00,,2.00,1,,1,0,,,,,,,0,,11910,196,52.78,52.78,57.14,57.14,60.42,60.42,60.12,60.12,62.50,62.50
Malta,MLT,,,NAT_TOTAL,20201223,1.00,1,2.00,1,2.00,1,4.00,1,0.00,,0.00,,0.00,,3.00,2.00,0,1.00,,,2.00,1,3.00,2.00,,0.00,4.00,1,0.00,,2.00,1,,1,0,,,,,,,0,,11992,201,52.78,52.78,57.14,57.14,60.42,60.42,60.12,60.12,62.50,62.50
Malta,MLT,,,NAT_TOTAL,20201224,1.00,1,2.00,1,2.00,1,4.00,1,0.00,,0.00,,0.00,,3.00,2.00,0,1.00,,,2.00,1,3.00,2.00,,0.00,4.00,1,0.00,,2.00,1,,1,0,,,,,,,0,,12062,203,52.78,52.78,57.14,57.14,60.42,60.42,60.12,60.12,62.50,62.50
Malta,MLT,,,NAT_TOTAL,20201225,1.00,1,2.00,1,2.00,1,4.00,1,0.00,,0.00,,0.00,,3.00,2.00,0,1.00,,,2.00,1,3.00,2.00,,0.00,4.00,1,0.00,,2.00,1,,1,0,,,,,,,0,,12112,203,52.78,52.78,57.14,57.14,60.42,60.42,60.12,60.12,62.50,62.50
Malta,MLT,,,NAT_TOTAL,20201226,1.00,1,2.00,1,2.00,1,4.00,1,0.00,,0.00,,0.00,,3.00,2.00,0,1.00,,,2.00,1,3.00,2.00,,0.00,4.00,1,0.00,,2.00,1,,1,0,,,,,,,0,,12241,206,52.78,52.78,57.14,57.14,60.42,60.42,60.12,60.12,62.50,62.50
Malta,MLT,,,NAT_TOTAL,20201227,1.00,1,2.00,1,2.00,1,4.00,1,0.00,,0.00,,0.00,,3.00,2.00,0,1.00,,,2.00,1,3.00,2.00,,0.00,4.00,1,1.00,1,2.00,1,,1,1,80+ yrs,80+ yrs,0,0,0,2,5,,12325,210,52.78,52.78,57.14,57.14,61.67,61.67,61.55,61.55,62.50,62.50
Malta,MLT,,,NAT_TOTAL,20201228,1.00,1,2.00,1,2.00,1,4.00,1,0.00,,0.00,,0.00,,3.00,2.00,0,1.00,,,2.00,1,3.00,2.00,,0.00,4.00,1,1.00,1,2.00,1,,1,1,80+ yrs,80+ yrs,0,0,0,2,5,,12426,215,52.78,52.78,57.14,57.14,61.67,61.67,61.55,61.55,62.50,62.50
Malta,MLT,,,NAT_TOTAL,20201229,1.00,1,2.00,1,2.00,1,4.00,1,0.00,,0.00,,0.00,,3.00,2.00,0,1.00,,,2.00,1,3.00,2.00,,0.00,4.00,1,1.00,1,2.00,1,,1,1,80+ yrs,80+ yrs,0,0,0,2,5,,12541,215,52.78,52.78,57.14,57.14,61.67,61.67,61.55,61.55,62.50,62.50
Malta,MLT,,,NAT_TOTAL,20201230,1.00,1,2.00,1,2.00,1,4.00,1,0.00,,0.00,,0.00,,3.00,2.00,0,1.00,,,2.00,1,3.00,2.00,,0.00,4.00,1,1.00,1,2.00,1,,1,1,80+ yrs,80+ yrs,0,0,0,2,5,,12665,216,52.78,52.78,57.14,57.14,61.67,61.67,61.55,61.55,62.50,62.50
Malta,MLT,,,NAT_TOTAL,20201231,1.00,1,2.00,1,2.00,1,4.00,1,0.00,,0.00,,0.00,,3.00,2.00,0,1.00,,,2.00,1,3.00,2.00,,0.00,4.00,1,1.00,1,2.00,1,,1,1,80+ yrs,80+ yrs,0,0,0,2,5,,12774,219,52.78,52.78,57.14,57.14,61.67,61.67,61.55,61.55,62.50,62.50
Malta,MLT,,,NAT_TOTAL,20210101,1.00,1,2.00,1,2.00,1,4.00,1,0.00,,0.00,,0.00,,3.00,2.00,0,1.00,,,2.00,1,3.00,2.00,,0.00,4.00,1,2.00,1,2.00,1,,1,1,80+ yrs,80+ yrs,0,0,0,2,5,,12909,219,52.78,52.78,57.14,57.14,62.92,62.92,62.98,62.98,62.50,62.50
Malta,MLT,,,NAT_TOTAL,20210102,1.00,1,2.00,1,2.00,1,4.00,1,0.00,,0.00,,0.00,,3.00,2.00,0,1.00,,,2.00,1,3.00,2.00,,0.00,4.00,1,2.00,1,2.00,1,,1,1,80+ yrs,80+ yrs,0,0,0,2,5,,12997,220,52.78,52.78,57.14,57.14,62.92,62.92,62.98,62.98,62.50,62.50
Malta,MLT,,,NAT_TOTAL,20210103,1.00,1,2.00,1,2.00,1,4.00,1,0.00,,0.00,,0.00,,3.00,2.00,0,1.00,,,2.00,1,3.00,2.00,,0.00,4.00,1,2.00,1,2.00,1,,1,1,80+ yrs,80+ yrs,0,0,0,2,5,,13082,220,52.78,52.78,57.14,57.14,62.92,62.92,62.98,62.98,62.50,62.50
Malta,MLT,,,NAT_TOTAL,20210104,1.00,1,2.00,1,2.00,1,4.00,1,0.00,,0.00,,0.00,,3.00,2.00,0,1.00,,,2.00,1,3.00,2.00,,0.00,4.00,1,2.00,1,2.00,1,,1,1,80+ yrs,80+ yrs,0,0,0,2,5,,13230,222,52.78,52.78,57.14,57.14,62.92,62.92,62.98,62.98,62.50,62.50
Malta,MLT,,,NAT_TOTAL,20210105,1.00,1,2.00,1,2.00,1,4.00,1,0.00,,0.00,,0.00,,3.00,2.00,0,1.00,,,2.00,1,3.00,2.00,,0.00,4.00,1,2.00,1,2.00,1,,1,1,80+ yrs,80+ yrs,0,0,0,2,5,,13388,226,52.78,52.78,57.14,57.14,62.92,62.92,62.98,62.98,62.50,62.50
Malta,MLT,,,NAT_TOTAL,20210106,1.00,1,2.00,1,2.00,1,4.00,1,0.00,,0.00,,0.00,,3.00,2.00,0,1.00,,,2.00,1,3.00,2.00,,0.00,4.00,1,2.00,1,2.00,1,,1,1,80+ yrs,80+ yrs,0,0,0,2,5,,13612,227,52.78,52.78,57.14,57.14,62.92,62.92,62.98,62.98,62.50,62.50
Malta,MLT,,,NAT_TOTAL,20210107,1.00,1,2.00,1,2.00,1,4.00,1,0.00,,0.00,,0.00,,3.00,2.00,0,1.00,,,2.00,1,3.00,2.00,,0.00,4.00,1,2.00,1,2.00,1,,1,1,80+ yrs,80+ yrs,0,0,0,2,5,,13776,228,52.78,52.78,57.14,57.14,62.92,62.92,62.98,62.98,62.50,62.50
Malta,MLT,,,NAT_TOTAL,20210108,1.00,1,2.00,1,2.00,1,4.00,1,0.00,,0.00,,0.00,,3.00,2.00,0,1.00,,,2.00,1,3.00,2.00,,0.00,4.00,1,2.00,1,2.00,1,,1,1,80+ yrs,80+ yrs,0,0,0,2,5,,13967,230,52.78,52.78,57.14,57.14,62.92,62.92,62.98,62.98,62.50,62.50
Malta,MLT,,,NAT_TOTAL,20210109,1.00,1,2.00,1,2.00,1,4.00,1,0.00,,0.00,,0.00,,3.00,2.00,0,1.00,,,2.00,1,3.00,2.00,,0.00,4.00,1,2.00,1,2.00,1,,1,1,80+ yrs,80+ yrs,0,0,0,2,5,,14212,232,52.78,52.78,57.14,57.14,62.92,62.92,62.98,62.98,62.50,62.50
Malta,MLT,,,NAT_TOTAL,20210110,1.00,1,2.00,1,2.00,1,4.00,1,0.00,,0.00,,0.00,,3.00,2.00,0,1.00,,,2.00,1,3.00,2.00,,0.00,4.00,1,2.00,1,2.00,1,,1,1,80+ yrs,80+ yrs,0,0,0,2,5,,14396,233,52.78,52.78,57.14,57.14,62.92,62.92,62.98,62.98,62.50,62.50
Malta,MLT,,,NAT_TOTAL,20210111,1.00,1,2.00,1,2.00,1,4.00,1,0.00,,0.00,,0.00,,3.00,2.00,0,1.00,,,2.00,1,3.00,2.00,,0.00,4.00,1,2.00,1,2.00,1,,1,1,80+ yrs,80+ yrs,0,0,0,2,5,,14529,233,52.78,52.78,57.14,57.14,62.92,62.92,62.98,62.98,62.50,62.50
Malta,MLT,,,NAT_TOTAL,20210112,1.00,1,2.00,1,2.00,1,4.00,1,0.00,,0.00,,0.00,,3.00,2.00,0,1.00,,,2.00,1,3.00,2.00,,0.00,4.00,1,2.00,1,2.00,1,,1,1,80+ yrs,80+ yrs,0,0,0,2,5,,14769,234,52.78,52.78,57.14,57.14,62.92,62.92,62.98,62.98,62.50,62.50
Malta,MLT,,,NAT_TOTAL,20210113,1.00,1,2.00,1,2.00,1,4.00,1,0.00,,0.00,,0.00,,3.00,2.00,0,1.00,,,2.00,1,3.00,2.00,,0.00,4.00,1,2.00,1,2.00,1,,1,1,80+ yrs,80+ yrs,0,0,0,2,5,,14958,234,52.78,52.78,57.14,57.14,62.92,62.92,62.98,62.98,62.50,62.50
Malta,MLT,,,NAT_TOTAL,20210114,1.00,1,2.00,1,2.00,1,4.00,1,0.00,,0.00,,0.00,,3.00,2.00,0,1.00,,,2.00,1,3.00,2.00,,0.00,4.00,1,2.00,1,2.00,1,,1,1,80+ yrs,80+ yrs,0,0,0,2,5,,15079,235,52.78,52.78,57.14,57.14,62.92,62.92,62.98,62.98,62.50,62.50
Malta,MLT,,,NAT_TOTAL,20210115,1.00,1,2.00,1,2.00,1,4.00,1,0.00,,0.00,,0.00,,3.00,2.00,0,1.00,,,2.00,1,3.00,2.00,,0.00,4.00,1,2.00,1,2.00,1,,1,1,80+ yrs,80+ yrs,0,0,0,2,5,,15272,236,52.78,52.78,57.14,57.14,62.92,62.92,62.98,62.98,62.50,62.50
Malta,MLT,,,NAT_TOTAL,20210116,1.00,1,2.00,1,2.00,1,4.00,1,0.00,,0.00,,0.00,,3.00,2.00,0,1.00,,,2.00,1,3.00,2.00,,0.00,4.00,1,2.00,1,2.00,1,,1,1,80+ yrs,80+ yrs,0,0,0,2,5,,15447,238,52.78,52.78,57.14,57.14,62.92,62.92,62.98,62.98,62.50,62.50
Malta,MLT,,,NAT_TOTAL,20210117,1.00,1,2.00,1,2.00,1,4.00,1,0.00,,0.00,,0.00,,3.00,2.00,0,1.00,,,2.00,1,3.00,2.00,,0.00,4.00,1,2.00,1,2.00,1,,1,1,80+ yrs,80+ yrs,0,0,0,2,5,,15588,239,52.78,52.78,57.14,57.14,62.92,62.92,62.98,62.98,62.50,62.50
Malta,MLT,,,NAT_TOTAL,20210118,1.00,1,2.00,1,2.00,1,4.00,1,0.00,,0.00,,0.00,,3.00,2.00,0,1.00,,,2.00,1,3.00,2.00,,0.00,4.00,1,2.00,1,2.00,1,,1,1,80+ yrs,80+ yrs,0,0,0,2,5,,15742,241,52.78,52.78,57.14,57.14,62.92,62.92,62.98,62.98,62.50,62.50
Malta,MLT,,,NAT_TOTAL,20210119,1.00,1,2.00,1,2.00,1,4.00,1,0.00,,0.00,,0.00,,3.00,2.00,0,1.00,,,2.00,1,3.00,2.00,,0.00,4.00,1,2.00,1,2.00,1,,1,1,80+ yrs,80+ yrs,0,0,0,2,5,,15942,242,52.78,52.78,57.14,57.14,62.92,62.92,62.98,62.98,62.50,62.50
Malta,MLT,,,NAT_TOTAL,20210120,1.00,1,2.00,1,2.00,1,4.00,1,0.00,,0.00,,0.00,,3.00,2.00,0,1.00,,,2.00,1,3.00,2.00,,0.00,4.00,1,2.00,1,2.00,1,,1,1,80+ yrs,80+ yrs,0,0,0,2,5,,16129,244,52.78,52.78,57.14,57.14,62.92,62.92,62.98,62.98,62.50,62.50
Malta,MLT,,,NAT_TOTAL,20210121,1.00,1,2.00,1,2.00,1,4.00,1,0.00,,0.00,,0.00,,3.00,2.00,0,1.00,,,2.00,1,3.00,2.00,,0.00,4.00,1,2.00,1,2.00,1,,1,1,80+ yrs,80+ yrs,0,0,0,2,5,,16280,245,52.78,52.78,57.14,57.14,62.92,62.92,62.98,62.98,62.50,62.50
Malta,MLT,,,NAT_TOTAL,20210122,1.00,1,2.00,1,2.00,1,4.00,1,0.00,,0.00,,0.00,,3.00,2.00,0,1.00,,,2.00,1,3.00,2.00,,0.00,4.00,1,2.00,1,2.00,1,,1,1,80+ yrs,80+ yrs,0,0,0,2,5,,16423,248,52.78,52.78,57.14,57.14,62.92,62.92,62.98,62.98,62.50,62.50
Malta,MLT,,,NAT_TOTAL,20210123,1.00,1,2.00,1,2.00,1,4.00,1,0.00,,0.00,,0.00,,3.00,2.00,0,1.00,,,2.00,1,3.00,2.00,,0.00,4.00,1,2.00,1,2.00,1,,1,1,80+ yrs,80+ yrs,0,0,0,2,5,,16542,250,52.78,52.78,57.14,57.14,62.92,62.92,62.98,62.98,62.50,62.50
Malta,MLT,,,NAT_TOTAL,20210124,1.00,1,2.00,1,2.00,1,4.00,1,0.00,,0.00,,0.00,,3.00,2.00,0,1.00,,,2.00,1,3.00,2.00,,0.00,4.00,1,2.00,1,2.00,1,,1,1,80+ yrs,80+ yrs,0,0,0,2,5,,16658,251,52.78,52.78,57.14,57.14,62.92,62.92,62.98,62.98,62.50,62.50
Malta,MLT,,,NAT_TOTAL,20210125,1.00,1,2.00,1,2.00,1,4.00,1,0.00,,0.00,,0.00,,3.00,2.00,0,1.00,,,2.00,1,3.00,2.00,,0.00,4.00,1,2.00,1,2.00,1,,1,1,80+ yrs,80+ yrs,0,0,0,2,5,,16861,253,52.78,52.78,57.14,57.14,62.92,62.92,62.98,62.98,62.50,62.50
Malta,MLT,,,NAT_TOTAL,20210126,1.00,1,2.00,1,2.00,1,4.00,1,0.00,,0.00,,0.00,,3.00,2.00,0,1.00,,,2.00,1,3.00,2.00,,0.00,4.00,1,2.00,1,2.00,1,,1,1,80+ yrs,80+ yrs,0,0,0,2,5,,16999,255,52.78,52.78,57.14,57.14,62.92,62.92,62.98,62.98,62.50,62.50
Malta,MLT,,,NAT_TOTAL,20210127,1.00,1,2.00,1,2.00,1,4.00,1,0.00,,0.00,,0.00,,3.00,2.00,0,1.00,,,2.00,1,3.00,2.00,,0.00,4.00,1,3.00,1,2.00,1,,1,1,80+ yrs,80+ yrs,0,0,0,2,5,,17192,258,52.78,52.78,57.14,57.14,64.17,64.17,64.40,64.40,62.50,62.50
Malta,MLT,,,NAT_TOTAL,20210128,1.00,1,2.00,1,2.00,1,4.00,1,0.00,,0.00,,0.00,,3.00,2.00,0,1.00,,,2.00,1,3.00,2.00,,0.00,4.00,1,3.00,1,2.00,1,,1,1,80+ yrs,80+ yrs,0,0,0,2,5,,17400,261,52.78,52.78,57.14,57.14,64.17,64.17,64.40,64.40,62.50,62.50
Malta,MLT,,,NAT_TOTAL,20210129,1.00,1,2.00,1,2.00,1,4.00,1,0.00,,0.00,,0.00,,3.00,2.00,0,1.00,,,2.00,1,3.00,2.00,,0.00,4.00,1,3.00,1,2.00,1,,1,1,80+ yrs,80+ yrs,0,0,0,2,5,,17585,264,52.78,52.78,57.14,57.14,64.17,64.17,64.40,64.40,62.50,62.50
Malta,MLT,,,NAT_TOTAL,20210130,1.00,1,2.00,1,2.00,1,4.00,1,0.00,,0.00,,0.00,,3.00,2.00,0,1.00,,,2.00,1,3.00,2.00,,0.00,4.00,1,3.00,1,2.00,1,,1,1,80+ yrs,80+ yrs,0,0,0,2,5,,17721,265,52.78,52.78,57.14,57.14,64.17,64.17,64.40,64.40,62.50,62.50
Malta,MLT,,,NAT_TOTAL,20210131,1.00,1,2.00,1,2.00,1,4.00,1,0.00,,0.00,,0.00,,3.00,2.00,0,1.00,,,2.00,1,3.00,2.00,,0.00,4.00,1,3.00,1,2.00,1,,1,1,80+ yrs,80+ yrs,0,0,0,2,5,,17903,267,52.78,52.78,57.14,57.14,64.17,64.17,64.40,64.40,62.50,62.50
Malta,MLT,,,NAT_TOTAL,20210201,1.00,1,2.00,1,2.00,1,4.00,1,0.00,,0.00,,0.00,,3.00,2.00,0,1.00,,,2.00,1,3.00,2.00,,0.00,4.00,1,3.00,1,2.00,1,,1,1,80+ yrs,80+ yrs,0,0,0,2,5,,18027,269,52.78,52.78,57.14,57.14,64.17,64.17,64.40,64.40,62.50,62.50
Malta,MLT,,,NAT_TOTAL,20210202,1.00,1,2.00,1,2.00,1,4.00,1,0.00,,0.00,,0.00,,3.00,2.00,0,1.00,,,2.00,1,3.00,2.00,,0.00,4.00,1,3.00,1,2.00,1,,1,1,80+ yrs,80+ yrs,0,0,0,2,5,,18168,270,52.78,52.78,57.14,57.14,64.17,64.17,64.40,64.40,62.50,62.50
Malta,MLT,,,NAT_TOTAL,20210203,1.00,1,2.00,1,2.00,1,4.00,1,0.00,,0.00,,0.00,,3.00,2.00,0,1.00,,,2.00,1,3.00,2.00,,0.00,4.00,1,3.00,1,2.00,1,,1,1,80+ yrs,80+ yrs,0,0,0,2,5,,18306,273,52.78,52.78,57.14,57.14,64.17,64.17,64.40,64.40,62.50,62.50
Malta,MLT,,,NAT_TOTAL,20210204,1.00,1,2.00,1,2.00,1,4.00,1,0.00,,0.00,,0.00,,3.00,2.00,0,1.00,,,2.00,1,3.00,2.00,,0.00,4.00,1,3.00,1,2.00,1,,1,1,80+ yrs,16-19 yrs,1,0,2,2,5,,18385,273,52.78,52.78,57.14,57.14,64.17,64.17,64.40,64.40,62.50,62.50
Malta,MLT,,,NAT_TOTAL,20210205,1.00,1,2.00,1,2.00,1,4.00,1,0.00,,0.00,,0.00,,3.00,2.00,0,1.00,,,2.00,1,3.00,2.00,,0.00,4.00,1,3.00,1,2.00,1,,1,1,80+ yrs,16-19 yrs,1,0,2,2,5,,18442,277,52.78,52.78,57.14,57.14,64.17,64.17,64.40,64.40,62.50,62.50
Malta,MLT,,,NAT_TOTAL,20210206,1.00,1,2.00,1,2.00,1,4.00,1,0.00,,0.00,,0.00,,3.00,2.00,0,1.00,,,2.00,1,3.00,2.00,,0.00,4.00,1,3.00,1,2.00,1,,1,1,80+ yrs,16-19 yrs,1,0,2,2,5,,18576,279,52.78,52.78,57.14,57.14,64.17,64.17,64.40,64.40,62.50,62.50
Malta,MLT,,,NAT_TOTAL,20210207,1.00,1,2.00,1,2.00,1,4.00,1,0.00,,0.00,,0.00,,3.00,2.00,0,1.00,,,2.00,1,3.00,2.00,,0.00,4.00,1,3.00,1,2.00,1,,1,1,80+ yrs,16-19 yrs,1,0,2,2,5,,18676,282,52.78,52.78,57.14,57.14,64.17,64.17,64.40,64.40,62.50,62.50
Malta,MLT,,,NAT_TOTAL,20210208,1.00,1,2.00,1,2.00,1,4.00,1,0.00,,0.00,,0.00,,3.00,2.00,0,1.00,,,2.00,1,3.00,2.00,,0.00,4.00,1,3.00,1,2.00,1,,1,1,80+ yrs,16-19 yrs,1,0,2,2,5,,18813,282,52.78,52.78,57.14,57.14,64.17,64.17,64.40,64.40,62.50,62.50
Malta,MLT,,,NAT_TOTAL,20210209,1.00,1,2.00,1,2.00,1,4.00,1,0.00,,0.00,,0.00,,3.00,2.00,0,1.00,,,2.00,1,3.00,2.00,,0.00,4.00,1,3.00,1,2.00,1,,1,1,80+ yrs,16-19 yrs,1,0,2,2,5,,19015,284,52.78,52.78,57.14,57.14,64.17,64.17,64.40,64.40,62.50,62.50
Malta,MLT,,,NAT_TOTAL,20210210,1.00,1,2.00,1,2.00,1,4.00,1,0.00,,0.00,,0.00,,3.00,2.00,0,1.00,,,2.00,1,3.00,2.00,,0.00,4.00,1,3.00,1,2.00,1,,1,1,80+ yrs,16-19 yrs,1,0,2,2,5,,19182,286,52.78,52.78,57.14,57.14,64.17,64.17,64.40,64.40,62.50,62.50
Malta,MLT,,,NAT_TOTAL,20210211,1.00,1,2.00,1,2.00,1,4.00,1,0.00,,0.00,,0.00,,3.00,2.00,0,1.00,,,2.00,1,3.00,2.00,,0.00,4.00,1,3.00,1,2.00,1,,1,1,80+ yrs,16-19 yrs,1,0,2,2,5,,19333,286,52.78,52.78,57.14,57.14,64.17,64.17,64.40,64.40,62.50,62.50
Malta,MLT,,,NAT_TOTAL,20210212,1.00,1,2.00,1,2.00,1,4.00,1,0.00,,0.00,,0.00,,3.00,2.00,0,1.00,,,2.00,1,3.00,2.00,,0.00,4.00,1,3.00,1,2.00,1,,1,1,80+ yrs,16-19 yrs,1,0,2,2,5,,19497,288,52.78,52.78,57.14,57.14,64.17,64.17,64.40,64.40,62.50,62.50
Malta,MLT,,,NAT_TOTAL,20210213,1.00,1,2.00,1,2.00,1,4.00,1,0.00,,0.00,,0.00,,3.00,2.00,0,1.00,,,2.00,1,3.00,2.00,,0.00,4.00,1,3.00,1,2.00,1,,1,1,80+ yrs,16-19 yrs,1,0,2,2,5,,19651,290,52.78,52.78,57.14,57.14,64.17,64.17,64.40,64.40,62.50,62.50
Malta,MLT,,,NAT_TOTAL,20210214,1.00,1,2.00,1,2.00,1,4.00,1,0.00,,0.00,,0.00,,3.00,2.00,0,1.00,,,2.00,1,3.00,2.00,,0.00,4.00,1,3.00,1,2.00,1,,1,1,80+ yrs,16-19 yrs,1,0,2,2,5,,19789,293,52.78,52.78,57.14,57.14,64.17,64.17,64.40,64.40,62.50,62.50
Malta,MLT,,,NAT_TOTAL,20210215,1.00,1,2.00,1,2.00,1,4.00,1,0.00,,0.00,,0.00,,3.00,2.00,0,1.00,,,2.00,1,3.00,2.00,,0.00,4.00,1,3.00,1,2.00,1,,1,1,80+ yrs,16-19 yrs,1,0,2,2,5,,19945,295,52.78,52.78,57.14,57.14,64.17,64.17,64.40,64.40,62.50,62.50
Malta,MLT,,,NAT_TOTAL,20210216,1.00,1,2.00,1,2.00,1,4.00,1,0.00,,0.00,,0.00,,3.00,2.00,0,1.00,,,2.00,1,3.00,2.00,,0.00,4.00,1,3.00,1,2.00,1,,1,1,80+ yrs,16-19 yrs,1,1,2,2,5,,20047,297,52.78,52.78,57.14,57.14,64.17,64.17,64.40,64.40,62.50,62.50
Malta,MLT,,,NAT_TOTAL,20210217,1.00,1,2.00,1,2.00,1,4.00,1,0.00,,0.00,,0.00,,3.00,2.00,0,1.00,,,2.00,1,3.00,2.00,,0.00,4.00,1,3.00,1,2.00,1,,1,1,80+ yrs,16-19 yrs,1,1,2,2,5,,20246,298,52.78,52.78,57.14,57.14,64.17,64.17,64.40,64.40,62.50,62.50
Malta,MLT,,,NAT_TOTAL,20210218,1.00,1,2.00,1,2.00,1,4.00,1,0.00,,0.00,,0.00,,3.00,2.00,0,1.00,,,2.00,1,3.00,2.00,,0.00,4.00,1,3.00,1,2.00,1,,1,1,80+ yrs,16-19 yrs,1,1,2,2,5,,20409,301,52.78,52.78,57.14,57.14,64.17,64.17,64.40,64.40,62.50,62.50
Malta,MLT,,,NAT_TOTAL,20210219,1.00,1,2.00,1,2.00,1,4.00,1,0.00,,0.00,,0.00,,3.00,2.00,0,1.00,,,2.00,1,3.00,2.00,,0.00,4.00,1,3.00,1,2.00,1,,1,1,80+ yrs,16-19 yrs,1,1,2,2,5,,20563,301,52.78,52.78,57.14,57.14,64.17,64.17,64.40,64.40,62.50,62.50
Malta,MLT,,,NAT_TOTAL,20210220,1.00,1,2.00,1,2.00,1,4.00,1,0.00,,0.00,,0.00,,3.00,2.00,0,1.00,,,2.00,1,3.00,2.00,,0.00,4.00,1,3.00,1,2.00,1,,1,1,80+ yrs,16-19 yrs,1,1,2,2,5,,20762,303,52.78,52.78,57.14,57.14,64.17,64.17,64.40,64.40,62.50,62.50
Malta,MLT,,,NAT_TOTAL,20210221,1.00,1,2.00,1,2.00,1,4.00,1,0.00,,0.00,,0.00,,3.00,2.00,0,1.00,,,2.00,1,3.00,2.00,,0.00,4.00,1,3.00,1,2.00,1,,1,1,80+ yrs,16-19 yrs,1,1,2,2,5,,20892,304,52.78,52.78,57.14,57.14,64.17,64.17,64.40,64.40,62.50,62.50
Malta,MLT,,,NAT_TOTAL,20210222,1.00,1,2.00,1,2.00,1,4.00,1,0.00,,0.00,,0.00,,3.00,2.00,0,1.00,,,2.00,1,3.00,2.00,,0.00,4.00,1,3.00,1,2.00,1,,1,1,80+ yrs,16-19 yrs,1,1,2,2,5,,21085,305,52.78,52.78,57.14,57.14,64.17,64.17,64.40,64.40,62.50,62.50
Malta,MLT,,,NAT_TOTAL,20210223,1.00,1,2.00,1,2.00,1,4.00,1,0.00,,0.00,,0.00,,3.00,2.00,0,1.00,,,2.00,1,3.00,2.00,,0.00,4.00,1,3.00,1,2.00,1,,1,1,80+ yrs,16-19 yrs,1,1,2,2,5,,21306,306,52.78,52.78,57.14,57.14,64.17,64.17,64.40,64.40,62.50,62.50
Malta,MLT,,,NAT_TOTAL,20210224,1.00,1,2.00,1,2.00,1,4.00,1,0.00,,0.00,,0.00,,3.00,2.00,0,1.00,,,2.00,1,3.00,2.00,,0.00,4.00,1,3.00,1,2.00,1,,1,1,80+ yrs,16-19 yrs,1,1,2,2,5,,21532,308,52.78,52.78,57.14,57.14,64.17,64.17,64.40,64.40,62.50,62.50
Malta,MLT,,,NAT_TOTAL,20210225,1.00,1,2.00,1,2.00,1,4.00,1,0.00,,0.00,,0.00,,3.00,2.00,0,1.00,,,2.00,1,3.00,2.00,,0.00,4.00,1,3.00,1,2.00,1,,1,1,80+ yrs,16-19 yrs,1,1,2,2,5,,21724,311,52.78,52.78,57.14,57.14,64.17,64.17,64.40,64.40,62.50,62.50
Malta,MLT,,,NAT_TOTAL,20210226,1.00,1,2.00,1,2.00,1,4.00,1,0.00,,0.00,,0.00,,3.00,2.00,0,1.00,,,2.00,1,3.00,2.00,,0.00,4.00,1,3.00,1,2.00,1,,1,1,80+ yrs,16-19 yrs,1,1,2,2,5,,21982,313,52.78,52.78,57.14,57.14,64.17,64.17,64.40,64.40,62.50,62.50
Malta,MLT,,,NAT_TOTAL,20210227,1.00,1,2.00,1,2.00,1,4.00,1,0.00,,0.00,,0.00,,3.00,2.00,0,1.00,,,2.00,1,3.00,2.00,,0.00,4.00,1,3.00,1,2.00,1,,1,1,80+ yrs,16-19 yrs,1,1,2,2,5,,22219,313,52.78,52.78,57.14,57.14,64.17,64.17,64.40,64.40,62.50,62.50
Malta,MLT,,,NAT_TOTAL,20210228,1.00,1,2.00,1,2.00,1,4.00,1,0.00,,0.00,,0.00,,3.00,2.00,0,1.00,,,2.00,1,3.00,2.00,,0.00,4.00,1,3.00,1,2.00,1,,1,1,80+ yrs,16-19 yrs,1,1,2,2,5,,22482,315,52.78,52.78,57.14,57.14,64.17,64.17,64.40,64.40,62.50,62.50
Malta,MLT,,,NAT_TOTAL,20210301,1.00,1,2.00,1,2.00,1,4.00,1,0.00,,0.00,,0.00,,3.00,2.00,0,1.00,,,2.00,1,3.00,2.00,,0.00,4.00,1,3.00,1,2.00,1,,1,1,80+ yrs,16-19 yrs,1,1,2,2,5,,22657,316,52.78,52.78,57.14,57.14,64.17,64.17,64.40,64.40,62.50,62.50
Malta,MLT,,,NAT_TOTAL,20210302,1.00,1,2.00,1,2.00,1,4.00,1,0.00,,0.00,,0.00,,3.00,2.00,0,1.00,,,2.00,1,3.00,2.00,,0.00,4.00,1,3.00,1,2.00,1,,1,1,80+ yrs,16-19 yrs,1,1,2,2,5,,22993,319,52.78,52.78,57.14,57.14,64.17,64.17,64.40,64.40,62.50,62.50
Malta,MLT,,,NAT_TOTAL,20210303,1.00,1,2.00,1,2.00,1,4.00,1,0.00,,0.00,,0.00,,3.00,2.00,0,1.00,,,2.00,1,3.00,2.00,,0.00,4.00,1,3.00,1,2.00,1,,1,1,80+ yrs,16-19 yrs,1,1,2,2,5,,23226,321,52.78,52.78,57.14,57.14,64.17,64.17,64.40,64.40,62.50,62.50
Malta,MLT,,,NAT_TOTAL,20210304,1.00,1,2.00,1,2.00,1,4.00,1,0.00,,0.00,,0.00,,3.00,2.00,0,1.00,,,2.00,1,3.00,2.00,,0.00,4.00,1,3.00,1,2.00,1,,1,1,80+ yrs,16-19 yrs,1,1,2,2,5,,23588,325,52.78,52.78,57.14,57.14,64.17,64.17,64.40,64.40,62.50,62.50
Malta,MLT,,,NAT_TOTAL,20210305,1.00,1,2.00,1,2.00,1,4.00,1,0.00,,0.00,,0.00,,3.00,2.00,0,1.00,,,2.00,1,3.00,2.00,,0.00,4.00,1,3.00,1,2.00,1,,1,1,60-64 yrs,16-19 yrs,1,1,2,2,5,,23871,328,52.78,52.78,57.14,57.14,64.17,64.17,64.40,64.40,62.50,62.50
Malta,MLT,,,NAT_TOTAL,20210306,1.00,1,2.00,1,2.00,1,4.00,1,0.00,,0.00,,0.00,,3.00,2.00,0,1.00,,,2.00,1,3.00,2.00,,0.00,4.00,1,3.00,1,2.00,1,,1,1,60-64 yrs,16-19 yrs,1,1,2,2,5,,24216,329,52.78,52.78,57.14,57.14,64.17,64.17,64.40,64.40,62.50,62.50
Malta,MLT,,,NAT_TOTAL,20210307,1.00,1,2.00,1,2.00,1,4.00,1,0.00,,0.00,,0.00,,3.00,2.00,0,1.00,,,2.00,1,3.00,2.00,,0.00,4.00,1,3.00,1,2.00,1,,1,1,60-64 yrs,16-19 yrs,1,1,2,2,5,,24398,334,52.78,52.78,57.14,57.14,64.17,64.17,64.40,64.40,62.50,62.50
Malta,MLT,,,NAT_TOTAL,20210308,1.00,1,2.00,1,2.00,1,4.00,1,0.00,,0.00,,0.00,,3.00,2.00,0,1.00,,,2.00,1,3.00,2.00,,0.00,4.00,1,3.00,1,2.00,1,,1,1,60-64 yrs,16-19 yrs,1,1,2,2,5,,24599,334,52.78,52.78,57.14,57.14,64.17,64.17,64.40,64.40,62.50,62.50
Malta,MLT,,,NAT_TOTAL,20210309,1.00,1,2.00,1,2.00,1,4.00,1,0.00,,0.00,,0.00,,3.00,2.00,0,1.00,,,2.00,1,3.00,2.00,,0.00,4.00,1,3.00,1,2.00,1,,1,1,60-64 yrs,16-19 yrs,1,1,2,2,5,,24847,335,52.78,52.78,57.14,57.14,64.17,64.17,64.40,64.40,62.50,62.50
Malta,MLT,,,NAT_TOTAL,20210310,1.00,1,2.00,1,2.00,1,4.00,1,0.00,,0.00,,0.00,,3.00,2.00,0,1.00,,,2.00,1,3.00,2.00,,0.00,4.00,1,3.00,1,2.00,1,,1,1,60-64 yrs,16-19 yrs,1,1,2,2,5,,25357,337,52.78,52.78,57.14,57.14,64.17,64.17,64.40,64.40,62.50,62.50
Malta,MLT,,,NAT_TOTAL,20210311,1.00,1,3.00,1,2.00,1,4.00,1,0.00,,0.00,,2.00,1,3.00,2.00,0,1.00,,,2.00,1,3.00,2.00,,0.00,4.00,1,3.00,1,2.00,1,,1,1,60-64 yrs,16-19 yrs,1,1,2,2,5,,25640,341,67.59,67.59,75.00,75.00,72.50,72.50,73.93,73.93,62.50,62.50
Malta,MLT,,,NAT_TOTAL,20210312,1.00,1,3.00,1,2.00,1,4.00,1,0.00,,0.00,,2.00,1,3.00,2.00,0,1.00,,,2.00,1,3.00,2.00,,0.00,4.00,1,3.00,1,2.00,1,,1,1,60-64 yrs,16-19 yrs,1,1,2,2,5,,25969,346,67.59,67.59,75.00,75.00,72.50,72.50,73.93,73.93,62.50,62.50
Malta,MLT,,,NAT_TOTAL,20210313,1.00,1,3.00,1,2.00,1,4.00,1,0.00,,0.00,,2.00,1,3.00,2.00,0,1.00,,,2.00,1,3.00,2.00,,0.00,4.00,1,3.00,1,2.00,1,,1,1,60-64 yrs,16-19 yrs,1,1,2,2,5,,26267,350,67.59,67.59,75.00,75.00,72.50,72.50,73.93,73.93,62.50,62.50
Malta,MLT,,,NAT_TOTAL,20210314,1.00,1,3.00,1,2.00,1,4.00,1,0.00,,0.00,,2.00,1,3.00,2.00,0,1.00,,,2.00,1,3.00,2.00,,0.00,4.00,1,3.00,1,2.00,1,,1,1,60-64 yrs,16-19 yrs,1,1,2,2,5,,26535,351,67.59,67.59,75.00,75.00,72.50,72.50,73.93,73.93,62.50,62.50
Malta,MLT,,,NAT_TOTAL,20210315,3.00,1,3.00,1,2.00,1,4.00,1,0.00,,0.00,,2.00,1,3.00,2.00,0,1.00,,,2.00,1,3.00,2.00,,0.00,4.00,1,3.00,1,2.00,1,,1,1,60-64 yrs,16-19 yrs,1,1,2,2,5,,26748,354,75.00,75.00,82.14,82.14,76.67,76.67,78.69,78.69,62.50,62.50
Malta,MLT,,,NAT_TOTAL,20210316,3.00,1,3.00,1,2.00,1,4.00,1,0.00,,0.00,,2.00,1,3.00,2.00,0,1.00,,,2.00,1,3.00,2.00,,0.00,4.00,1,3.00,1,2.00,1,,1,1,60-64 yrs,16-19 yrs,1,1,2,2,5,,27061,357,75.00,75.00,82.14,82.14,76.67,76.67,78.69,78.69,62.50,62.50
Malta,MLT,,,NAT_TOTAL,20210317,3.00,1,3.00,1,2.00,1,4.00,1,0.00,,0.00,,2.00,1,3.00,2.00,0,1.00,,,2.00,1,3.00,2.00,,0.00,4.00,1,3.00,1,2.00,1,,1,1,60-64 yrs,16-19 yrs,1,1,2,2,5,,27272,361,75.00,75.00,82.14,82.14,76.67,76.67,78.69,78.69,62.50,62.50
Malta,MLT,,,NAT_TOTAL,20210318,3.00,1,3.00,1,2.00,1,4.00,1,0.00,,0.00,,2.00,1,3.00,2.00,0,1.00,,,2.00,1,3.00,2.00,,0.00,4.00,1,3.00,1,2.00,1,,1,1,60-64 yrs,16-19 yrs,1,1,2,2,5,,27515,363,75.00,75.00,82.14,82.14,76.67,76.67,78.69,78.69,62.50,62.50
Malta,MLT,,,NAT_TOTAL,20210319,3.00,1,3.00,1,2.00,1,4.00,1,0.00,,0.00,,2.00,1,3.00,2.00,0,1.00,,,2.00,1,3.00,2.00,,0.00,4.00,1,3.00,1,2.00,1,,1,1,60-64 yrs,16-19 yrs,1,1,2,2,5,,27694,364,75.00,75.00,82.14,82.14,76.67,76.67,78.69,78.69,62.50,62.50
Malta,MLT,,,NAT_TOTAL,20210320,3.00,1,3.00,1,2.00,1,4.00,1,0.00,,0.00,,2.00,1,3.00,2.00,0,1.00,,,2.00,1,3.00,2.00,,0.00,4.00,1,3.00,1,2.00,1,,1,1,60-64 yrs,16-19 yrs,1,1,2,2,5,,27904,369,75.00,75.00,82.14,82.14,76.67,76.67,78.69,78.69,62.50,62.50
Malta,MLT,,,NAT_TOTAL,20210321,3.00,1,3.00,1,2.00,1,4.00,1,0.00,,0.00,,2.00,1,3.00,2.00,0,1.00,,,2.00,1,3.00,2.00,,0.00,4.00,1,3.00,1,2.00,1,,1,1,60-64 yrs,16-19 yrs,1,1,2,2,5,,28128,372,75.00,75.00,82.14,82.14,76.67,76.67,78.69,78.69,62.50,62.50
Malta,MLT,,,NAT_TOTAL,20210322,3.00,1,3.00,1,2.00,1,4.00,1,0.00,,0.00,,2.00,1,3.00,2.00,0,1.00,,,2.00,1,3.00,2.00,,0.00,4.00,1,3.00,1,2.00,1,,1,1,60-64 yrs,16-19 yrs,1,1,2,2,5,,28319,373,75.00,75.00,82.14,82.14,76.67,76.67,78.69,78.69,62.50,62.50
Malta,MLT,,,NAT_TOTAL,20210323,3.00,1,3.00,1,2.00,1,4.00,1,0.00,,0.00,,2.00,1,3.00,2.00,0,1.00,,,2.00,1,3.00,2.00,,0.00,4.00,1,3.00,1,2.00,1,,1,1,60-64 yrs,16-19 yrs,1,1,2,2,5,,28409,375,75.00,75.00,82.14,82.14,76.67,76.67,78.69,78.69,62.50,62.50
Malta,MLT,,,NAT_TOTAL,20210324,3.00,1,3.00,1,2.00,1,4.00,1,0.00,,0.00,,2.00,1,3.00,2.00,0,1.00,,,2.00,1,3.00,2.00,,0.00,4.00,1,3.00,1,2.00,1,,1,1,60-64 yrs,16-19 yrs,1,1,2,2,5,,28510,377,75.00,75.00,82.14,82.14,76.67,76.67,78.69,78.69,62.50,62.50
Malta,MLT,,,NAT_TOTAL,20210325,3.00,1,3.00,1,2.00,1,4.00,1,0.00,,0.00,,2.00,1,3.00,2.00,0,1.00,,,2.00,1,3.00,2.00,,0.00,4.00,1,3.00,1,2.00,1,,1,1,60-64 yrs,16-19 yrs,1,1,2,2,5,,28612,378,75.00,75.00,82.14,82.14,76.67,76.67,78.69,78.69,62.50,62.50
Malta,MLT,,,NAT_TOTAL,20210326,3.00,1,3.00,1,2.00,1,4.00,1,0.00,,0.00,,2.00,1,3.00,2.00,0,1.00,,,2.00,1,3.00,2.00,,0.00,4.00,1,3.00,1,2.00,1,,1,1,60-64 yrs,16-19 yrs,1,1,2,2,5,,28715,382,75.00,75.00,82.14,82.14,76.67,76.67,78.69,78.69,62.50,62.50
Malta,MLT,,,NAT_TOTAL,20210327,3.00,1,3.00,1,2.00,1,4.00,1,0.00,,0.00,,2.00,1,3.00,2.00,0,1.00,,,2.00,1,3.00,2.00,,0.00,4.00,1,3.00,1,2.00,1,,1,1,60-64 yrs,16-19 yrs,1,1,2,2,5,,28808,385,75.00,75.00,82.14,82.14,76.67,76.67,78.69,78.69,62.50,62.50
Malta,MLT,,,NAT_TOTAL,20210328,3.00,1,3.00,1,2.00,1,4.00,1,0.00,,0.00,,2.00,1,3.00,2.00,0,1.00,,,2.00,1,3.00,2.00,,0.00,4.00,1,3.00,1,2.00,1,,1,1,60-64 yrs,16-19 yrs,1,1,2,2,5,,28875,387,75.00,75.00,82.14,82.14,76.67,76.67,78.69,78.69,62.50,62.50
Malta,MLT,,,NAT_TOTAL,20210329,3.00,1,3.00,1,2.00,1,4.00,1,0.00,,0.00,,2.00,1,3.00,2.00,0,1.00,,,2.00,1,3.00,2.00,,0.00,4.00,1,3.00,1,2.00,1,,1,1,60-64 yrs,16-19 yrs,1,1,2,2,5,,28938,388,75.00,75.00,82.14,82.14,76.67,76.67,78.69,78.69,62.50,62.50
Malta,MLT,,,NAT_TOTAL,20210330,3.00,1,3.00,1,2.00,1,4.00,1,0.00,,0.00,,2.00,1,3.00,2.00,0,1.00,,,2.00,1,3.00,2.00,,0.00,4.00,1,3.00,1,2.00,1,,1,1,60-64 yrs,16-19 yrs,1,1,2,2,5,,28993,390,75.00,75.00,82.14,82.14,76.67,76.67,78.69,78.69,62.50,62.50
Malta,MLT,,,NAT_TOTAL,20210331,3.00,1,3.00,1,2.00,1,4.00,1,0.00,,0.00,,2.00,1,3.00,2.00,0,1.00,,,2.00,1,3.00,2.00,,0.00,4.00,1,3.00,1,2.00,1,,1,1,60-64 yrs,16-19 yrs,1,1,2,2,5,,29033,392,75.00,75.00,82.14,82.14,76.67,76.67,78.69,78.69,62.50,62.50
Malta,MLT,,,NAT_TOTAL,20210401,3.00,1,3.00,1,2.00,1,4.00,1,0.00,,0.00,,2.00,1,3.00,2.00,0,1.00,,,2.00,1,3.00,2.00,,0.00,4.00,1,3.00,1,2.00,1,,1,1,60-64 yrs,16-19 yrs,1,1,2,2,5,,29085,394,75.00,75.00,82.14,82.14,76.67,76.67,78.69,78.69,62.50,62.50
Malta,MLT,,,NAT_TOTAL,20210402,3.00,1,3.00,1,2.00,1,4.00,1,0.00,,0.00,,2.00,1,3.00,2.00,0,1.00,,,2.00,1,3.00,2.00,,0.00,4.00,1,3.00,1,2.00,1,,1,1,60-64 yrs,16-19 yrs,1,1,2,2,5,,29127,395,75.00,75.00,82.14,82.14,76.67,76.67,78.69,78.69,62.50,62.50
Malta,MLT,,,NAT_TOTAL,20210403,3.00,1,3.00,1,2.00,1,4.00,1,0.00,,0.00,,2.00,1,3.00,2.00,0,1.00,,,2.00,1,3.00,2.00,,0.00,4.00,1,3.00,1,2.00,1,,1,1,60-64 yrs,16-19 yrs,1,1,2,2,5,,29189,397,75.00,75.00,82.14,82.14,76.67,76.67,78.69,78.69,62.50,62.50
Malta,MLT,,,NAT_TOTAL,20210404,3.00,1,3.00,1,2.00,1,4.00,1,0.00,,0.00,,2.00,1,3.00,2.00,0,1.00,,,2.00,1,3.00,2.00,,0.00,4.00,1,3.00,1,2.00,1,,1,1,60-64 yrs,16-19 yrs,1,1,2,2,5,,29223,398,75.00,75.00,82.14,82.14,76.67,76.67,78.69,78.69,62.50,62.50
Malta,MLT,,,NAT_TOTAL,20210405,3.00,1,3.00,1,2.00,1,4.00,1,0.00,,0.00,,2.00,1,3.00,2.00,0,1.00,,,2.00,1,3.00,2.00,,0.00,4.00,1,3.00,1,2.00,1,,1,1,60-64 yrs,16-19 yrs,1,1,2,2,5,,29279,399,75.00,75.00,82.14,82.14,76.67,76.67,78.69,78.69,62.50,62.50
Malta,MLT,,,NAT_TOTAL,20210406,3.00,1,3.00,1,2.00,1,4.00,1,0.00,,0.00,,2.00,1,3.00,2.00,0,1.00,,,2.00,1,3.00,2.00,,0.00,4.00,1,3.00,1,2.00,1,,1,1,60-64 yrs,16-19 yrs,1,1,2,2,5,,29343,399,75.00,75.00,82.14,82.14,76.67,76.67,78.69,78.69,62.50,62.50
Malta,MLT,,,NAT_TOTAL,20210407,3.00,1,3.00,1,2.00,1,4.00,1,0.00,,0.00,,2.00,1,3.00,2.00,0,1.00,,,2.00,1,3.00,2.00,,0.00,4.00,1,3.00,1,2.00,1,,1,1,60-64 yrs,16-19 yrs,1,1,2,2,5,,29408,400,75.00,75.00,82.14,82.14,76.67,76.67,78.69,78.69,62.50,62.50
Malta,MLT,,,NAT_TOTAL,20210408,3.00,1,3.00,1,2.00,1,4.00,1,0.00,,0.00,,2.00,1,3.00,2.00,0,1.00,0.00,0.00,2.00,1,3.00,2.00,0.00,0.00,4.00,1,3.00,1,2.00,1,,1,1,60-64 yrs,16-19 yrs,1,1,2,2,5,,29463,401,75.00,75.00,82.14,82.14,76.67,76.67,78.69,78.69,62.50,62.50
Malta,MLT,,,NAT_TOTAL,20210409,3.00,1,3.00,1,2.00,1,4.00,1,0.00,,0.00,,2.00,1,3.00,2.00,0,1.00,0.00,0.00,2.00,1,3.00,2.00,0.00,0.00,4.00,1,3.00,1,2.00,1,,1,1,60-64 yrs,16-19 yrs,1,1,2,2,5,,29511,401,75.00,75.00,82.14,82.14,76.67,76.67,78.69,78.69,62.50,62.50
Malta,MLT,,,NAT_TOTAL,20210410,3.00,1,3.00,1,2.00,1,4.00,1,0.00,,0.00,,2.00,1,3.00,2.00,0,1.00,0.00,0.00,2.00,1,3.00,2.00,0.00,0.00,4.00,1,4.00,1,2.00,1,,1,1,50-54 yrs,16-19 yrs,1,1,2,2,5,,29548,402,75.00,75.00,82.14,82.14,77.92,77.92,80.12,80.12,62.50,62.50
Malta,MLT,,,NAT_TOTAL,20210411,3.00,1,3.00,1,2.00,1,4.00,1,0.00,,0.00,,2.00,1,3.00,2.00,0,1.00,0.00,0.00,2.00,1,3.00,2.00,0.00,0.00,4.00,1,4.00,1,2.00,1,,1,1,50-54 yrs,16-19 yrs,1,1,2,2,5,,29614,402,75.00,75.00,82.14,82.14,77.92,77.92,80.12,80.12,62.50,62.50
Malta,MLT,,,NAT_TOTAL,20210412,2.00,1,3.00,1,2.00,1,4.00,1,0.00,,0.00,,2.00,1,3.00,2.00,0,1.00,,,2.00,1,3.00,2.00,,0.00,4.00,1,4.00,1,2.00,1,,1,1,50-54 yrs,16-19 yrs,1,1,2,2,5,,29661,402,71.30,71.30,78.57,78.57,75.83,75.83,77.74,77.74,62.50,62.50
Malta,MLT,,,NAT_TOTAL,20210413,2.00,1,3.00,1,2.00,1,4.00,1,0.00,,0.00,,2.00,1,3.00,2.00,0,1.00,,,2.00,1,3.00,2.00,,0.00,4.00,1,4.00,1,2.00,1,,1,1,50-54 yrs,16-19 yrs,1,1,2,2,5,,29720,403,71.30,71.30,78.57,78.57,75.83,75.83,77.74,77.74,62.50,62.50
Malta,MLT,,,NAT_TOTAL,20210414,2.00,1,3.00,1,2.00,1,4.00,1,0.00,,0.00,,2.00,1,3.00,2.00,0,1.00,,,2.00,1,3.00,2.00,,0.00,4.00,1,4.00,1,2.00,1,,1,1,50-54 yrs,16-19 yrs,1,1,2,2,5,,29778,403,71.30,71.30,78.57,78.57,75.83,75.83,77.74,77.74,62.50,62.50
Malta,MLT,,,NAT_TOTAL,20210415,2.00,1,3.00,1,2.00,1,4.00,1,0.00,,0.00,,2.00,1,3.00,2.00,0,1.00,,,2.00,1,3.00,2.00,,0.00,4.00,1,4.00,1,2.00,1,,1,1,50-54 yrs,16-19 yrs,1,1,2,2,5,,29833,403,71.30,71.30,78.57,78.57,75.83,75.83,77.74,77.74,62.50,62.50
Malta,MLT,,,NAT_TOTAL,20210416,2.00,1,3.00,1,2.00,1,4.00,1,0.00,,0.00,,2.00,1,3.00,2.00,0,1.00,,,2.00,1,3.00,2.00,,0.00,4.00,1,4.00,1,2.00,1,,1,1,50-54 yrs,16-19 yrs,1,1,2,2,5,,29860,405,71.30,71.30,78.57,78.57,75.83,75.83,77.74,77.74,62.50,62.50
Malta,MLT,,,NAT_TOTAL,20210417,2.00,1,3.00,1,2.00,1,4.00,1,0.00,,0.00,,2.00,1,3.00,2.00,0,1.00,,,2.00,1,3.00,2.00,,0.00,4.00,1,4.00,1,2.00,1,,1,1,50-54 yrs,16-19 yrs,1,1,2,2,5,,29927,409,71.30,71.30,78.57,78.57,75.83,75.83,77.74,77.74,62.50,62.50
Malta,MLT,,,NAT_TOTAL,20210418,2.00,1,3.00,1,2.00,1,4.00,1,0.00,,0.00,,2.00,1,3.00,2.00,0,1.00,,,2.00,1,3.00,2.00,,0.00,4.00,1,4.00,1,2.00,1,,1,1,50-54 yrs,16-19 yrs,1,1,2,2,5,,29966,409,71.30,71.30,78.57,78.57,75.83,75.83,77.74,77.74,62.50,62.50
Malta,MLT,,,NAT_TOTAL,20210419,2.00,1,3.00,1,2.00,1,4.00,1,0.00,,0.00,,2.00,1,3.00,2.00,0,1.00,,,2.00,1,3.00,2.00,,0.00,4.00,1,4.00,1,2.00,1,,1,1,50-54 yrs,16-19 yrs,1,1,2,2,5,,30026,409,71.30,71.30,78.57,78.57,75.83,75.83,77.74,77.74,62.50,62.50
Malta,MLT,,,NAT_TOTAL,20210420,2.00,1,3.00,1,2.00,1,4.00,1,0.00,,0.00,,2.00,1,3.00,2.00,0,1.00,,,2.00,1,3.00,2.00,,0.00,4.00,1,4.00,1,2.00,1,,1,1,50-54 yrs,16-19 yrs,1,1,2,2,5,,30039,411,71.30,71.30,78.57,78.57,75.83,75.83,77.74,77.74,62.50,62.50
Malta,MLT,,,NAT_TOTAL,20210421,2.00,1,3.00,1,2.00,1,4.00,1,0.00,,0.00,,2.00,1,3.00,2.00,0,1.00,,,2.00,1,3.00,2.00,,0.00,4.00,1,4.00,1,2.00,1,,1,1,40-44 yrs,16-19 yrs,1,1,2,2,5,,30063,411,71.30,71.30,78.57,78.57,75.83,75.83,77.74,77.74,62.50,62.50
Malta,MLT,,,NAT_TOTAL,20210422,2.00,1,3.00,1,2.00,1,4.00,1,0.00,,0.00,,2.00,1,3.00,2.00,0,1.00,,,2.00,1,3.00,2.00,,0.00,4.00,1,4.00,1,2.00,1,,1,1,40-44 yrs,16-19 yrs,1,1,2,2,5,,30096,411,71.30,71.30,78.57,78.57,75.83,75.83,77.74,77.74,62.50,62.50
Malta,MLT,,,NAT_TOTAL,20210423,2.00,1,3.00,1,2.00,1,4.00,1,0.00,,0.00,,2.00,1,3.00,2.00,0,1.00,,,2.00,1,3.00,2.00,,0.00,4.00,1,4.00,1,2.00,1,,1,1,40-44 yrs,16-19 yrs,1,1,2,2,5,,30129,412,71.30,71.30,78.57,78.57,75.83,75.83,77.74,77.74,62.50,62.50
Malta,MLT,,,NAT_TOTAL,20210424,2.00,1,3.00,1,2.00,1,4.00,1,0.00,,0.00,,2.00,1,3.00,2.00,0,1.00,,,2.00,1,3.00,2.00,,0.00,4.00,1,4.00,1,2.00,1,,1,1,40-44 yrs,16-19 yrs,1,1,2,2,5,,30149,412,71.30,71.30,78.57,78.57,75.83,75.83,77.74,77.74,62.50,62.50
Malta,MLT,,,NAT_TOTAL,20210425,2.00,1,3.00,1,2.00,1,4.00,1,0.00,,0.00,,2.00,1,3.00,2.00,0,1.00,,,2.00,1,3.00,2.00,,0.00,4.00,1,4.00,1,2.00,1,,1,1,40-44 yrs,16-19 yrs,1,1,2,2,5,,30174,413,71.30,71.30,78.57,78.57,75.83,75.83,77.74,77.74,62.50,62.50
Malta,MLT,,,NAT_TOTAL,20210426,2.00,1,2.00,1,2.00,1,4.00,1,0.00,,0.00,,2.00,1,3.00,2.00,0,1.00,,,2.00,1,3.00,2.00,,0.00,4.00,1,4.00,1,2.00,1,,1,1,40-44 yrs,16-19 yrs,1,1,2,2,5,,30189,413,67.59,67.59,75.00,75.00,73.75,73.75,75.36,75.36,62.50,62.50
Malta,MLT,,,NAT_TOTAL,20210427,2.00,1,2.00,1,2.00,1,4.00,1,0.00,,0.00,,2.00,1,3.00,2.00,0,1.00,,,2.00,1,3.00,2.00,,0.00,4.00,1,4.00,1,2.00,1,,1,1,40-44 yrs,16-19 yrs,1,1,2,2,5,,30234,413,67.59,67.59,75.00,75.00,73.75,73.75,75.36,75.36,62.50,62.50
Malta,MLT,,,NAT_TOTAL,20210428,2.00,1,2.00,1,2.00,1,4.00,1,0.00,,0.00,,2.00,1,3.00,2.00,0,1.00,,,2.00,1,3.00,2.00,,0.00,4.00,1,4.00,1,2.00,1,,1,1,40-44 yrs,16-19 yrs,1,1,2,2,5,,30249,413,67.59,67.59,75.00,75.00,73.75,73.75,75.36,75.36,62.50,62.50
Malta,MLT,,,NAT_TOTAL,20210429,2.00,1,2.00,1,2.00,1,4.00,1,0.00,,0.00,,2.00,1,3.00,2.00,0,1.00,,,2.00,1,3.00,2.00,,0.00,4.00,1,4.00,1,2.00,1,,1,1,40-44 yrs,16-19 yrs,1,1,2,2,5,,30276,413,67.59,67.59,75.00,75.00,73.75,73.75,75.36,75.36,62.50,62.50
Malta,MLT,,,NAT_TOTAL,20210430,2.00,1,2.00,1,2.00,1,4.00,1,0.00,,0.00,,2.00,1,3.00,2.00,0,1.00,,,2.00,1,3.00,2.00,,0.00,4.00,1,4.00,1,2.00,1,,1,1,40-44 yrs,16-19 yrs,1,1,2,2,5,,30292,413,67.59,67.59,75.00,75.00,73.75,73.75,75.36,75.36,62.50,62.50
Malta,MLT,,,NAT_TOTAL,20210501,2.00,1,2.00,1,2.00,1,4.00,1,0.00,,0.00,,2.00,1,3.00,2.00,0,1.00,,,2.00,1,3.00,2.00,,0.00,4.00,1,4.00,1,2.00,1,,1,1,30-34 yrs,16-19 yrs,1,1,2,2,5,,30307,415,67.59,67.59,75.00,75.00,73.75,73.75,75.36,75.36,62.50,62.50
Malta,MLT,,,NAT_TOTAL,20210502,2.00,1,2.00,1,2.00,1,4.00,1,0.00,,0.00,,2.00,1,3.00,2.00,0,1.00,,,2.00,1,3.00,2.00,,0.00,4.00,1,4.00,1,2.00,1,,1,1,30-34 yrs,16-19 yrs,1,1,2,2,5,,30319,416,67.59,67.59,75.00,75.00,73.75,73.75,75.36,75.36,62.50,62.50
Malta,MLT,,,NAT_TOTAL,20210503,2.00,1,2.00,1,2.00,1,4.00,1,0.00,,0.00,,2.00,1,3.00,2.00,0,1.00,,,2.00,1,3.00,2.00,,0.00,4.00,1,4.00,1,2.00,1,,1,1,30-34 yrs,16-19 yrs,1,1,2,2,5,,30354,416,67.59,67.59,75.00,75.00,73.75,73.75,75.36,75.36,62.50,62.50
Malta,MLT,,,NAT_TOTAL,20210504,2.00,1,2.00,1,2.00,1,4.00,1,0.00,,0.00,,2.00,1,3.00,2.00,0,1.00,,,2.00,1,3.00,2.00,,0.00,4.00,1,4.00,1,2.00,1,,1,1,30-34 yrs,16-19 yrs,1,1,2,2,5,,30381,416,67.59,67.59,75.00,75.00,73.75,73.75,75.36,75.36,62.50,62.50
Malta,MLT,,,NAT_TOTAL,20210505,2.00,1,2.00,1,2.00,1,4.00,1,0.00,,0.00,,2.00,1,3.00,2.00,0,1.00,,,2.00,1,3.00,2.00,,0.00,4.00,1,4.00,1,2.00,1,,1,1,30-34 yrs,16-19 yrs,1,1,2,2,5,,30411,416,67.59,67.59,75.00,75.00,73.75,73.75,75.36,75.36,62.50,62.50
Malta,MLT,,,NAT_TOTAL,20210506,2.00,1,2.00,1,2.00,1,4.00,1,0.00,,0.00,,2.00,1,3.00,2.00,0,1.00,,,2.00,1,3.00,2.00,,0.00,4.00,1,4.00,1,2.00,1,,1,1,30-34 yrs,16-19 yrs,1,1,2,2,5,,30420,416,67.59,67.59,75.00,75.00,73.75,73.75,75.36,75.36,62.50,62.50
Malta,MLT,,,NAT_TOTAL,20210507,2.00,1,2.00,1,2.00,1,4.00,1,0.00,,0.00,,2.00,1,3.00,2.00,0,1.00,,,2.00,1,3.00,2.00,,0.00,4.00,1,4.00,1,2.00,1,,1,1,30-34 yrs,16-19 yrs,1,1,2,2,5,,30432,417,67.59,67.59,75.00,75.00,73.75,73.75,75.36,75.36,62.50,62.50
Malta,MLT,,,NAT_TOTAL,20210508,2.00,1,2.00,1,2.00,1,4.00,1,0.00,,0.00,,2.00,1,3.00,2.00,0,1.00,,,2.00,1,3.00,2.00,,0.00,4.00,1,4.00,1,2.00,1,,1,1,30-34 yrs,16-19 yrs,1,1,2,2,5,,30438,417,67.59,67.59,75.00,75.00,73.75,73.75,75.36,75.36,62.50,62.50
Malta,MLT,,,NAT_TOTAL,20210509,2.00,1,2.00,1,2.00,1,4.00,1,0.00,,0.00,,2.00,1,3.00,2.00,0,1.00,,,2.00,1,3.00,2.00,,0.00,4.00,1,4.00,1,2.00,1,,1,1,30-34 yrs,16-19 yrs,1,1,2,2,5,,30447,417,67.59,67.59,75.00,75.00,73.75,73.75,75.36,75.36,62.50,62.50
Malta,MLT,,,NAT_TOTAL,20210510,2.00,1,2.00,1,2.00,1,4.00,1,0.00,,0.00,,0.00,,3.00,2.00,0,1.00,,,2.00,1,3.00,2.00,,0.00,4.00,1,4.00,1,2.00,1,,1,1,30-34 yrs,16-19 yrs,1,1,2,2,5,,30458,417,56.48,56.48,60.71,60.71,67.50,67.50,68.21,68.21,62.50,62.50
Malta,MLT,,,NAT_TOTAL,20210511,2.00,1,2.00,1,2.00,1,4.00,1,0.00,,0.00,,0.00,,3.00,2.00,0,1.00,,,2.00,1,3.00,2.00,,0.00,4.00,1,4.00,1,2.00,1,,1,1,30-34 yrs,16-19 yrs,1,1,2,2,5,,30464,417,56.48,56.48,60.71,60.71,67.50,67.50,68.21,68.21,62.50,62.50
Malta,MLT,,,NAT_TOTAL,20210512,2.00,1,2.00,1,2.00,1,4.00,1,0.00,,0.00,,0.00,,3.00,2.00,0,1.00,,,2.00,1,3.00,2.00,,0.00,4.00,1,4.00,1,2.00,1,,1,2,16-19 yrs,16-19 yrs,2,2,2,2,5,,30469,417,56.48,56.48,60.71,60.71,67.50,67.50,68.21,68.21,62.50,62.50
Malta,MLT,,,NAT_TOTAL,20210513,2.00,1,2.00,1,2.00,1,4.00,1,0.00,,0.00,,0.00,,3.00,2.00,0,1.00,,,2.00,1,3.00,2.00,,0.00,4.00,1,4.00,1,2.00,1,,1,2,16-19 yrs,16-19 yrs,2,2,2,2,5,,30473,417,56.48,56.48,60.71,60.71,67.50,67.50,68.21,68.21,62.50,62.50
Malta,MLT,,,NAT_TOTAL,20210514,2.00,1,2.00,1,2.00,1,4.00,1,0.00,,0.00,,0.00,,3.00,2.00,0,1.00,,,2.00,1,3.00,2.00,,0.00,4.00,1,4.00,1,2.00,1,,1,2,16-19 yrs,16-19 yrs,2,2,2,2,5,,30474,417,56.48,56.48,60.71,60.71,67.50,67.50,68.21,68.21,62.50,62.50
Malta,MLT,,,NAT_TOTAL,20210515,2.00,1,2.00,1,2.00,1,4.00,1,0.00,,0.00,,0.00,,3.00,2.00,0,1.00,,,2.00,1,3.00,2.00,,0.00,4.00,1,4.00,1,2.00,1,,1,2,16-19 yrs,16-19 yrs,2,2,2,2,5,,30478,417,56.48,56.48,60.71,60.71,67.50,67.50,68.21,68.21,62.50,62.50
Malta,MLT,,,NAT_TOTAL,20210516,2.00,1,2.00,1,2.00,1,4.00,1,0.00,,0.00,,0.00,,3.00,2.00,0,1.00,,,2.00,1,3.00,2.00,,0.00,4.00,1,4.00,1,2.00,1,,1,2,16-19 yrs,16-19 yrs,2,2,2,2,5,,30480,417,56.48,56.48,60.71,60.71,67.50,67.50,68.21,68.21,62.50,62.50
Malta,MLT,,,NAT_TOTAL,20210517,2.00,1,2.00,1,2.00,1,4.00,1,0.00,,0.00,,0.00,,3.00,2.00,0,1.00,,,2.00,1,3.00,2.00,,0.00,4.00,1,5.00,1,1.00,1,,2,2,16-19 yrs,16-19 yrs,2,2,2,2,5,,30484,417,56.48,56.48,60.71,60.71,66.67,66.67,67.26,67.26,62.50,62.50
Malta,MLT,,,NAT_TOTAL,20210518,2.00,1,2.00,1,2.00,1,4.00,1,0.00,,0.00,,0.00,,3.00,2.00,0,1.00,,,2.00,1,3.00,2.00,,0.00,4.00,1,5.00,1,1.00,1,,2,2,16-19 yrs,16-19 yrs,2,2,2,2,5,,30486,417,56.48,56.48,60.71,60.71,66.67,66.67,67.26,67.26,62.50,62.50
Malta,MLT,,,NAT_TOTAL,20210519,2.00,1,2.00,1,2.00,1,4.00,1,0.00,,0.00,,0.00,,3.00,2.00,0,1.00,,,2.00,1,3.00,2.00,,0.00,4.00,1,5.00,1,1.00,1,,2,2,16-19 yrs,16-19 yrs,2,2,2,2,5,,30489,417,56.48,56.48,60.71,60.71,66.67,66.67,67.26,67.26,62.50,62.50
Malta,MLT,,,NAT_TOTAL,20210520,2.00,1,2.00,1,2.00,1,4.00,1,0.00,,0.00,,0.00,,3.00,2.00,0,1.00,,,2.00,1,3.00,2.00,,0.00,4.00,1,5.00,1,1.00,1,,2,2,16-19 yrs,16-19 yrs,2,2,2,2,5,,30491,417,56.48,56.48,60.71,60.71,66.67,66.67,67.26,67.26,62.50,62.50
Malta,MLT,,,NAT_TOTAL,20210521,2.00,1,2.00,1,2.00,1,4.00,1,0.00,,0.00,,0.00,,3.00,2.00,0,1.00,,,2.00,1,3.00,2.00,,0.00,4.00,1,5.00,1,1.00,1,,2,2,16-19 yrs,16-19 yrs,2,2,2,2,5,,30497,417,56.48,56.48,60.71,60.71,66.67,66.67,67.26,67.26,62.50,62.50
Malta,MLT,,,NAT_TOTAL,20210522,2.00,1,2.00,1,2.00,1,4.00,1,0.00,,0.00,,0.00,,3.00,2.00,0,1.00,,,2.00,1,3.00,2.00,,0.00,4.00,1,5.00,1,1.00,1,,2,2,16-19 yrs,16-19 yrs,2,2,2,2,5,,30499,417,56.48,56.48,60.71,60.71,66.67,66.67,67.26,67.26,62.50,62.50
Malta,MLT,,,NAT_TOTAL,20210523,2.00,1,2.00,1,2.00,1,4.00,1,0.00,,0.00,,0.00,,3.00,2.00,0,1.00,,,2.00,1,3.00,2.00,,0.00,4.00,1,5.00,1,1.00,1,,2,2,16-19 yrs,16-19 yrs,2,2,2,2,5,,30504,417,56.48,56.48,60.71,60.71,66.67,66.67,67.26,67.26,62.50,62.50
Malta,MLT,,,NAT_TOTAL,20210524,2.00,1,2.00,1,2.00,1,4.00,1,0.00,,0.00,,0.00,,3.00,2.00,0,1.00,,,2.00,1,3.00,2.00,,0.00,4.00,1,5.00,1,1.00,1,,2,2,16-19 yrs,16-19 yrs,2,2,2,2,5,,30506,417,56.48,56.48,60.71,60.71,66.67,66.67,67.26,67.26,62.50,62.50
Malta,MLT,,,NAT_TOTAL,20210525,2.00,1,2.00,1,2.00,1,4.00,1,0.00,,0.00,,0.00,,3.00,2.00,0,1.00,,,2.00,1,3.00,2.00,,0.00,4.00,1,5.00,1,1.00,1,,2,2,16-19 yrs,16-19 yrs,2,2,2,2,5,,30509,418,56.48,56.48,60.71,60.71,66.67,66.67,67.26,67.26,62.50,62.50
Malta,MLT,,,NAT_TOTAL,20210526,2.00,1,2.00,1,2.00,1,4.00,1,0.00,,0.00,,0.00,,3.00,2.00,0,1.00,,,2.00,1,3.00,2.00,,0.00,4.00,1,5.00,1,1.00,1,,2,2,16-19 yrs,16-19 yrs,2,2,2,2,5,,30516,419,56.48,56.48,60.71,60.71,66.67,66.67,67.26,67.26,62.50,62.50
Malta,MLT,,,NAT_TOTAL,20210527,2.00,1,2.00,1,2.00,1,4.00,1,0.00,,0.00,,0.00,,3.00,2.00,0,1.00,,,2.00,1,3.00,2.00,,0.00,4.00,1,5.00,1,1.00,1,,2,2,16-19 yrs,16-19 yrs,2,2,2,2,5,,30520,419,56.48,56.48,60.71,60.71,66.67,66.67,67.26,67.26,62.50,62.50
Malta,MLT,,,NAT_TOTAL,20210528,2.00,1,2.00,1,2.00,1,4.00,1,0.00,,0.00,,0.00,,3.00,2.00,0,1.00,,,2.00,1,3.00,2.00,,0.00,4.00,1,5.00,1,1.00,1,,2,2,16-19 yrs,16-19 yrs,2,2,2,2,5,,30526,419,56.48,56.48,60.71,60.71,66.67,66.67,67.26,67.26,62.50,62.50
Malta,MLT,,,NAT_TOTAL,20210529,2.00,1,2.00,1,2.00,1,4.00,1,0.00,,0.00,,0.00,,3.00,2.00,0,1.00,,,2.00,1,3.00,2.00,,0.00,4.00,1,5.00,1,1.00,1,,2,2,16-19 yrs,16-19 yrs,2,2,2,2,5,,30529,419,56.48,56.48,60.71,60.71,66.67,66.67,67.26,67.26,62.50,62.50
Malta,MLT,,,NAT_TOTAL,20210530,2.00,1,2.00,1,2.00,1,4.00,1,0.00,,0.00,,0.00,,3.00,2.00,0,1.00,,,2.00,1,3.00,2.00,,0.00,4.00,1,5.00,1,1.00,1,,2,2,16-19 yrs,16-19 yrs,2,2,2,2,5,,30533,419,56.48,56.48,60.71,60.71,66.67,66.67,67.26,67.26,62.50,62.50
Malta,MLT,,,NAT_TOTAL,20210531,2.00,1,2.00,1,2.00,1,4.00,1,0.00,,0.00,,0.00,,3.00,2.00,0,1.00,,,2.00,1,3.00,2.00,,0.00,4.00,1,5.00,1,1.00,1,,2,2,16-19 yrs,16-19 yrs,2,2,2,2,5,,30535,419,56.48,56.48,60.71,60.71,66.67,66.67,67.26,67.26,62.50,62.50
Malta,MLT,,,NAT_TOTAL,20210601,2.00,1,2.00,1,2.00,1,4.00,1,0.00,,0.00,,0.00,,3.00,2.00,0,1.00,,,2.00,1,3.00,2.00,,0.00,4.00,1,5.00,1,1.00,1,,2,2,16-19 yrs,16-19 yrs,2,2,2,2,5,,30543,419,56.48,56.48,60.71,60.71,66.67,66.67,67.26,67.26,62.50,62.50
Malta,MLT,,,NAT_TOTAL,20210602,2.00,1,2.00,1,2.00,1,4.00,1,0.00,,0.00,,0.00,,3.00,2.00,0,1.00,,,2.00,1,3.00,2.00,,0.00,4.00,1,5.00,1,1.00,1,,2,2,16-19 yrs,16-19 yrs,2,2,2,2,5,,30553,419,56.48,56.48,60.71,60.71,66.67,66.67,67.26,67.26,62.50,62.50
Malta,MLT,,,NAT_TOTAL,20210603,2.00,1,2.00,1,2.00,1,4.00,1,0.00,,0.00,,0.00,,3.00,2.00,0,1.00,,,2.00,1,3.00,2.00,,0.00,4.00,1,5.00,1,1.00,1,,2,2,16-19 yrs,16-19 yrs,2,2,2,2,5,,30557,419,56.48,56.48,60.71,60.71,66.67,66.67,67.26,67.26,62.50,62.50
Malta,MLT,,,NAT_TOTAL,20210604,2.00,1,2.00,1,2.00,1,4.00,1,0.00,,0.00,,0.00,,3.00,2.00,0,1.00,,,2.00,1,3.00,2.00,,0.00,4.00,1,5.00,1,1.00,1,,2,2,16-19 yrs,16-19 yrs,2,2,2,2,5,,30559,419,56.48,56.48,60.71,60.71,66.67,66.67,67.26,67.26,62.50,62.50
Malta,MLT,,,NAT_TOTAL,20210605,2.00,1,2.00,1,2.00,1,4.00,1,0.00,,0.00,,0.00,,3.00,2.00,0,1.00,,,2.00,1,3.00,2.00,,0.00,4.00,1,5.00,1,1.00,1,,2,2,16-19 yrs,16-19 yrs,2,2,2,2,5,,30568,419,56.48,56.48,60.71,60.71,66.67,66.67,67.26,67.26,62.50,62.50
Malta,MLT,,,NAT_TOTAL,20210606,2.00,1,2.00,1,2.00,1,4.00,1,0.00,,0.00,,0.00,,3.00,2.00,0,1.00,,,2.00,1,3.00,2.00,,0.00,4.00,1,5.00,1,1.00,1,,2,2,16-19 yrs,16-19 yrs,2,2,2,2,5,,30571,419,56.48,56.48,60.71,60.71,66.67,66.67,67.26,67.26,62.50,62.50
Malta,MLT,,,NAT_TOTAL,20210607,2.00,1,1.00,1,2.00,1,4.00,1,0.00,,0.00,,0.00,,3.00,2.00,0,1.00,,,2.00,1,3.00,2.00,,0.00,4.00,1,5.00,1,1.00,1,,2,2,16-19 yrs,16-19 yrs,2,2,2,2,5,,30571,419,52.78,52.78,57.14,57.14,64.58,64.58,64.88,64.88,62.50,62.50
Malta,MLT,,,NAT_TOTAL,20210608,2.00,1,1.00,1,2.00,1,4.00,1,0.00,,0.00,,0.00,,3.00,2.00,0,1.00,,,2.00,1,3.00,2.00,,0.00,4.00,1,5.00,1,1.00,1,,2,2,16-19 yrs,16-19 yrs,2,2,2,2,5,,30572,419,52.78,52.78,57.14,57.14,64.58,64.58,64.88,64.88,62.50,62.50
Malta,MLT,,,NAT_TOTAL,20210609,2.00,1,1.00,1,2.00,1,4.00,1,0.00,,0.00,,0.00,,3.00,2.00,0,1.00,,,2.00,1,3.00,2.00,,0.00,4.00,1,5.00,1,1.00,1,,2,2,16-19 yrs,16-19 yrs,2,2,2,2,5,,30573,419,52.78,52.78,57.14,57.14,64.58,64.58,64.88,64.88,62.50,62.50
Malta,MLT,,,NAT_TOTAL,20210610,2.00,1,1.00,1,2.00,1,4.00,1,0.00,,0.00,,0.00,,3.00,2.00,0,1.00,,,2.00,1,3.00,2.00,,0.00,4.00,1,5.00,1,1.00,1,,2,2,16-19 yrs,16-19 yrs,2,2,2,2,5,,30577,419,52.78,52.78,57.14,57.14,64.58,64.58,64.88,64.88,62.50,62.50
Malta,MLT,,,NAT_TOTAL,20210611,2.00,1,1.00,1,2.00,1,4.00,1,0.00,,0.00,,0.00,,3.00,2.00,0,1.00,,,2.00,1,3.00,2.00,,0.00,4.00,1,5.00,1,1.00,1,,2,2,16-19 yrs,16-19 yrs,2,2,2,2,5,,30579,419,52.78,52.78,57.14,57.14,64.58,64.58,64.88,64.88,62.50,62.50
Malta,MLT,,,NAT_TOTAL,20210612,2.00,1,1.00,1,2.00,1,4.00,1,0.00,,0.00,,0.00,,3.00,2.00,0,1.00,,,2.00,1,3.00,2.00,,0.00,4.00,1,5.00,1,1.00,1,,2,2,16-19 yrs,16-19 yrs,2,2,2,2,5,,30581,419,52.78,52.78,57.14,57.14,64.58,64.58,64.88,64.88,62.50,62.50
Malta,MLT,,,NAT_TOTAL,20210613,2.00,1,1.00,1,2.00,1,4.00,1,0.00,,0.00,,0.00,,3.00,2.00,0,1.00,,,2.00,1,3.00,2.00,,0.00,4.00,1,5.00,1,1.00,1,,2,2,16-19 yrs,16-19 yrs,2,2,2,2,5,,30581,419,52.78,52.78,57.14,57.14,64.58,64.58,64.88,64.88,62.50,62.50
Malta,MLT,,,NAT_TOTAL,20210614,2.00,1,1.00,1,2.00,1,4.00,1,0.00,,0.00,,0.00,,3.00,2.00,0,1.00,,,2.00,1,3.00,2.00,,0.00,4.00,1,5.00,1,1.00,1,,2,2,16-19 yrs,16-19 yrs,2,2,2,2,5,,30582,419,52.78,52.78,57.14,57.14,64.58,64.58,64.88,64.88,62.50,62.50
Malta,MLT,,,NAT_TOTAL,20210615,2.00,1,1.00,1,2.00,1,4.00,1,0.00,,0.00,,0.00,,3.00,2.00,0,1.00,,,2.00,1,3.00,2.00,,0.00,4.00,1,5.00,1,1.00,1,,2,2,16-19 yrs,16-19 yrs,2,2,2,2,5,,30582,419,52.78,52.78,57.14,57.14,64.58,64.58,64.88,64.88,62.50,62.50
Malta,MLT,,,NAT_TOTAL,20210616,2.00,1,1.00,1,2.00,1,4.00,1,0.00,,0.00,,0.00,,3.00,2.00,0,1.00,,,2.00,1,3.00,2.00,,0.00,4.00,1,5.00,1,1.00,1,,2,2,16-19 yrs,16-19 yrs,2,2,2,2,5,,30585,419,52.78,52.78,57.14,57.14,64.58,64.58,64.88,64.88,62.50,62.50
Malta,MLT,,,NAT_TOTAL,20210617,2.00,1,1.00,1,2.00,1,4.00,1,0.00,,0.00,,0.00,,3.00,2.00,0,1.00,,,2.00,1,3.00,2.00,,0.00,4.00,1,5.00,1,1.00,1,,2,2,16-19 yrs,16-19 yrs,2,2,2,2,5,,30585,419,52.78,52.78,57.14,57.14,64.58,64.58,64.88,64.88,62.50,62.50
Malta,MLT,,,NAT_TOTAL,20210618,2.00,1,1.00,1,2.00,1,4.00,1,0.00,,0.00,,0.00,,3.00,2.00,0,1.00,,,2.00,1,3.00,2.00,,0.00,4.00,1,5.00,1,1.00,1,,2,2,16-19 yrs,16-19 yrs,2,2,2,2,5,,30588,420,52.78,52.78,57.14,57.14,64.58,64.58,64.88,64.88,62.50,62.50
Malta,MLT,,,NAT_TOTAL,20210619,2.00,1,1.00,1,2.00,1,4.00,1,0.00,,0.00,,0.00,,3.00,2.00,0,1.00,,,2.00,1,3.00,2.00,,0.00,4.00,1,5.00,1,1.00,1,,2,2,16-19 yrs,16-19 yrs,2,2,2,2,5,,30588,420,52.78,52.78,57.14,57.14,64.58,64.58,64.88,64.88,62.50,62.50
Malta,MLT,,,NAT_TOTAL,20210620,2.00,1,1.00,1,2.00,1,4.00,1,0.00,,0.00,,0.00,,3.00,2.00,0,1.00,,,2.00,1,3.00,2.00,,0.00,4.00,1,5.00,1,1.00,1,,2,2,16-19 yrs,16-19 yrs,2,2,2,2,5,,30589,420,52.78,52.78,57.14,57.14,64.58,64.58,64.88,64.88,62.50,62.50
Malta,MLT,,,NAT_TOTAL,20210621,2.00,1,1.00,1,2.00,1,4.00,1,0.00,,0.00,,0.00,,3.00,2.00,0,1.00,,,2.00,1,3.00,2.00,,0.00,4.00,1,5.00,1,1.00,1,,2,2,16-19 yrs,16-19 yrs,2,2,2,2,5,,30590,420,52.78,52.78,57.14,57.14,64.58,64.58,64.88,64.88,62.50,62.50
Malta,MLT,,,NAT_TOTAL,20210622,2.00,1,1.00,1,2.00,1,4.00,1,0.00,,0.00,,0.00,,3.00,2.00,0,1.00,,,2.00,1,3.00,2.00,,0.00,4.00,1,5.00,1,1.00,1,,2,2,16-19 yrs,16-19 yrs,2,2,2,2,5,,30595,420,52.78,52.78,57.14,57.14,64.58,64.58,64.88,64.88,62.50,62.50
Malta,MLT,,,NAT_TOTAL,20210623,2.00,1,1.00,1,2.00,1,4.00,1,0.00,,0.00,,0.00,,3.00,2.00,0,1.00,,,2.00,1,3.00,2.00,,0.00,4.00,1,5.00,1,1.00,1,,2,2,16-19 yrs,16-19 yrs,2,2,2,2,5,,30595,420,52.78,52.78,57.14,57.14,64.58,64.58,64.88,64.88,62.50,62.50
Malta,MLT,,,NAT_TOTAL,20210624,2.00,1,1.00,1,2.00,1,4.00,1,0.00,,0.00,,0.00,,3.00,2.00,0,1.00,,,2.00,1,3.00,2.00,,0.00,4.00,1,5.00,1,1.00,1,,2,2,16-19 yrs,16-19 yrs,2,2,2,2,5,,30598,420,52.78,52.78,57.14,57.14,64.58,64.58,64.88,64.88,62.50,62.50
Malta,MLT,,,NAT_TOTAL,20210625,2.00,1,1.00,1,2.00,1,4.00,1,0.00,,0.00,,0.00,,3.00,2.00,0,1.00,,,2.00,1,3.00,2.00,,0.00,4.00,1,5.00,1,1.00,1,,2,2,16-19 yrs,16-19 yrs,2,2,2,2,5,,30603,420,52.78,52.78,57.14,57.14,64.58,64.58,64.88,64.88,62.50,62.50
Malta,MLT,,,NAT_TOTAL,20210626,2.00,1,1.00,1,2.00,1,4.00,1,0.00,,0.00,,0.00,,3.00,2.00,0,1.00,,,2.00,1,3.00,2.00,,0.00,4.00,1,5.00,1,1.00,1,,2,3,5-15 yrs,5-15 yrs,2,2,2,2,5,0,30606,420,52.78,52.78,57.14,57.14,64.58,64.58,64.88,64.88,62.50,62.50
Malta,MLT,,,NAT_TOTAL,20210627,2.00,1,1.00,1,2.00,1,4.00,1,0.00,,0.00,,0.00,,3.00,2.00,0,1.00,,,2.00,1,3.00,2.00,,0.00,4.00,1,5.00,1,1.00,1,,2,3,5-15 yrs,5-15 yrs,2,2,2,2,5,0,30606,420,52.78,52.78,57.14,57.14,64.58,64.58,64.88,64.88,62.50,62.50
Malta,MLT,,,NAT_TOTAL,20210628,1.00,1,1.00,1,2.00,1,4.00,1,0.00,,0.00,,0.00,,3.00,2.00,0,1.00,,,2.00,1,3.00,2.00,,0.00,4.00,1,5.00,1,1.00,1,,2,3,5-15 yrs,5-15 yrs,2,2,2,2,5,0,30612,420,49.07,49.07,53.57,53.57,62.50,62.50,62.50,62.50,62.50,62.50
Malta,MLT,,,NAT_TOTAL,20210629,1.00,1,1.00,1,2.00,1,4.00,1,0.00,,0.00,,0.00,,3.00,2.00,0,1.00,,,2.00,1,3.00,2.00,,0.00,4.00,1,5.00,1,1.00,1,,2,3,5-15 yrs,5-15 yrs,2,2,2,2,5,0,30618,420,49.07,49.07,53.57,53.57,62.50,62.50,62.50,62.50,62.50,62.50
Malta,MLT,,,NAT_TOTAL,20210630,1.00,1,1.00,1,2.00,1,4.00,1,0.00,,0.00,,0.00,,3.00,2.00,0,1.00,,,2.00,1,3.00,2.00,,0.00,4.00,1,5.00,1,1.00,1,,2,3,5-15 yrs,5-15 yrs,2,2,2,2,5,0,30623,420,49.07,49.07,53.57,53.57,62.50,62.50,62.50,62.50,62.50,62.50
Malta,MLT,,,NAT_TOTAL,20210701,1.00,1,1.00,1,2.00,1,4.00,1,0.00,,0.00,,0.00,,3.00,2.00,0,1.00,,,2.00,1,3.00,2.00,,0.00,3.00,1,5.00,1,1.00,1,,2,3,5-15 yrs,5-15 yrs,2,2,2,2,5,0,30627,420,49.07,49.07,53.57,53.57,60.94,60.94,60.71,60.71,62.50,62.50
Malta,MLT,,,NAT_TOTAL,20210702,1.00,1,1.00,1,2.00,1,4.00,1,0.00,,0.00,,0.00,,3.00,2.00,0,1.00,,,2.00,1,3.00,2.00,,0.00,3.00,1,5.00,1,1.00,1,,2,3,5-15 yrs,5-15 yrs,2,2,2,2,5,0,30633,420,49.07,49.07,53.57,53.57,60.94,60.94,60.71,60.71,62.50,62.50
Malta,MLT,,,NAT_TOTAL,20210703,1.00,1,1.00,1,2.00,1,4.00,1,0.00,,0.00,,0.00,,3.00,2.00,0,1.00,,,2.00,1,3.00,2.00,,0.00,3.00,1,5.00,1,1.00,1,,2,3,5-15 yrs,5-15 yrs,2,2,2,2,5,0,30640,420,49.07,49.07,53.57,53.57,60.94,60.94,60.71,60.71,62.50,62.50
Malta,MLT,,,NAT_TOTAL,20210704,1.00,1,1.00,1,2.00,1,4.00,1,0.00,,0.00,,0.00,,3.00,2.00,0,1.00,,,2.00,1,3.00,2.00,,0.00,3.00,1,5.00,1,1.00,1,,2,3,5-15 yrs,5-15 yrs,2,2,2,2,5,0,30652,420,49.07,49.07,53.57,53.57,60.94,60.94,60.71,60.71,62.50,62.50
Malta,MLT,,,NAT_TOTAL,20210705,1.00,1,1.00,1,1.00,1,4.00,1,0.00,,0.00,,0.00,,3.00,2.00,0,1.00,,,2.00,1,3.00,2.00,,0.00,3.00,1,5.00,1,1.00,1,,2,3,5-15 yrs,5-15 yrs,2,2,2,2,5,0,30664,420,43.52,43.52,53.57,53.57,57.81,57.81,57.14,57.14,62.50,62.50
Malta,MLT,,,NAT_TOTAL,20210706,1.00,1,1.00,1,1.00,1,4.00,1,0.00,,0.00,,0.00,,3.00,2.00,0,1.00,,,2.00,1,3.00,2.00,,0.00,3.00,1,5.00,1,1.00,1,,2,3,5-15 yrs,5-15 yrs,2,2,2,2,5,0,30675,420,43.52,43.52,53.57,53.57,57.81,57.81,57.14,57.14,62.50,62.50
Malta,MLT,,,NAT_TOTAL,20210707,1.00,1,1.00,1,1.00,1,4.00,1,0.00,,0.00,,0.00,,3.00,2.00,0,1.00,,,2.00,1,3.00,2.00,,0.00,3.00,1,5.00,1,1.00,1,,2,3,5-15 yrs,5-15 yrs,2,2,2,2,5,0,30700,420,43.52,43.52,53.57,53.57,57.81,57.81,57.14,57.14,62.50,62.50
Malta,MLT,,,NAT_TOTAL,20210708,1.00,1,1.00,1,1.00,1,4.00,1,0.00,,0.00,,0.00,,3.00,2.00,0,1.00,,,2.00,1,3.00,2.00,,0.00,3.00,1,5.00,1,1.00,1,,2,3,5-15 yrs,5-15 yrs,2,2,2,2,5,0,30755,420,43.52,43.52,53.57,53.57,57.81,57.81,57.14,57.14,62.50,62.50
Malta,MLT,,,NAT_TOTAL,20210709,1.00,1,1.00,1,1.00,1,4.00,1,0.00,,0.00,,0.00,,3.00,2.00,0,1.00,,,2.00,1,3.00,2.00,,0.00,3.00,1,5.00,1,1.00,1,,2,3,5-15 yrs,5-15 yrs,2,2,2,2,5,0,30851,420,43.52,43.52,53.57,53.57,57.81,57.81,57.14,57.14,62.50,62.50
Malta,MLT,,,NAT_TOTAL,20210710,1.00,1,1.00,1,1.00,1,4.00,1,0.00,,0.00,,0.00,,3.00,2.00,0,1.00,,,2.00,1,3.00,2.00,,0.00,3.00,1,5.00,1,1.00,1,,2,3,5-15 yrs,5-15 yrs,2,2,2,2,5,0,30960,420,43.52,43.52,53.57,53.57,57.81,57.81,57.14,57.14,62.50,62.50
Malta,MLT,,,NAT_TOTAL,20210711,1.00,1,1.00,1,1.00,1,4.00,1,0.00,,0.00,,0.00,,3.00,2.00,0,1.00,,,2.00,1,3.00,2.00,,0.00,3.00,1,5.00,1,1.00,1,,2,3,5-15 yrs,5-15 yrs,2,2,2,2,5,0,31061,420,43.52,43.52,53.57,53.57,57.81,57.81,57.14,57.14,62.50,62.50
Malta,MLT,,,NAT_TOTAL,20210712,1.00,1,1.00,1,1.00,1,4.00,1,0.00,,0.00,,0.00,,3.00,2.00,0,1.00,,,2.00,1,3.00,2.00,,0.00,3.00,1,5.00,1,1.00,1,,2,3,5-15 yrs,5-15 yrs,2,2,2,2,5,0,31240,420,43.52,43.52,53.57,53.57,57.81,57.81,57.14,57.14,62.50,62.50
Malta,MLT,,,NAT_TOTAL,20210713,1.00,1,1.00,1,1.00,1,4.00,1,0.00,,0.00,,0.00,,3.00,2.00,0,1.00,,,2.00,1,3.00,2.00,,0.00,3.00,1,5.00,1,1.00,1,,2,3,5-15 yrs,5-15 yrs,2,2,2,2,5,0,31394,420,43.52,43.52,53.57,53.57,57.81,57.81,57.14,57.14,62.50,62.50
Malta,MLT,,,NAT_TOTAL,20210714,1.00,1,2.00,1,1.00,1,4.00,1,0.00,,0.00,,0.00,,3.00,2.00,0,1.00,,,2.00,1,3.00,2.00,,0.00,3.00,1,5.00,1,1.00,1,,2,3,5-15 yrs,5-15 yrs,2,2,2,2,5,0,31612,420,47.22,47.22,57.14,57.14,59.90,59.90,59.52,59.52,62.50,62.50
Malta,MLT,,,NAT_TOTAL,20210715,1.00,1,2.00,1,1.00,1,4.00,1,0.00,,0.00,,0.00,,3.00,2.00,0,1.00,,,2.00,1,3.00,2.00,,0.00,3.00,1,5.00,1,1.00,1,,2,3,5-15 yrs,5-15 yrs,2,2,2,2,5,0,31834,420,47.22,47.22,57.14,57.14,59.90,59.90,59.52,59.52,62.50,62.50
Malta,MLT,,,NAT_TOTAL,20210716,1.00,1,2.00,1,1.00,1,4.00,1,0.00,,0.00,,0.00,,3.00,2.00,0,1.00,,,2.00,1,3.00,2.00,,0.00,3.00,1,5.00,1,1.00,1,,2,3,5-15 yrs,5-15 yrs,2,2,2,2,5,0,32069,420,47.22,47.22,57.14,57.14,59.90,59.90,59.52,59.52,62.50,62.50
Malta,MLT,,,NAT_TOTAL,20210717,1.00,1,2.00,1,1.00,1,4.00,1,0.00,,0.00,,0.00,,3.00,2.00,0,1.00,,,2.00,1,3.00,2.00,,0.00,3.00,1,5.00,1,1.00,1,,2,3,5-15 yrs,5-15 yrs,2,2,2,2,5,0,32275,420,47.22,47.22,57.14,57.14,59.90,59.90,59.52,59.52,62.50,62.50
Malta,MLT,,,NAT_TOTAL,20210718,1.00,1,2.00,1,1.00,1,4.00,1,0.00,,0.00,,0.00,,3.00,2.00,0,1.00,,,2.00,1,3.00,2.00,,0.00,3.00,1,5.00,1,1.00,1,,2,3,5-15 yrs,5-15 yrs,2,2,2,2,5,0,32470,420,47.22,47.22,57.14,57.14,59.90,59.90,59.52,59.52,62.50,62.50
Malta,MLT,,,NAT_TOTAL,20210719,1.00,1,2.00,1,1.00,1,4.00,1,0.00,,0.00,,0.00,,3.00,2.00,0,1.00,,,2.00,1,3.00,2.00,,0.00,3.00,1,5.00,1,1.00,1,,2,3,5-15 yrs,5-15 yrs,2,2,2,2,5,0,32616,420,47.22,47.22,57.14,57.14,59.90,59.90,59.52,59.52,62.50,62.50
Malta,MLT,,,NAT_TOTAL,20210720,1.00,1,2.00,1,1.00,1,4.00,1,0.00,,0.00,,0.00,,3.00,2.00,0,1.00,,,2.00,1,3.00,2.00,,0.00,3.00,1,5.00,1,1.00,1,,2,3,5-15 yrs,5-15 yrs,2,2,2,2,5,0,32833,420,47.22,47.22,57.14,57.14,59.90,59.90,59.52,59.52,62.50,62.50
Malta,MLT,,,NAT_TOTAL,20210721,1.00,1,2.00,1,1.00,1,4.00,1,0.00,,0.00,,0.00,,3.00,2.00,0,1.00,,,2.00,1,3.00,2.00,,0.00,3.00,1,5.00,1,1.00,1,,2,3,5-15 yrs,5-15 yrs,2,2,2,2,5,0,33032,420,47.22,47.22,57.14,57.14,59.90,59.90,59.52,59.52,62.50,62.50
Malta,MLT,,,NAT_TOTAL,20210722,1.00,1,2.00,1,1.00,1,4.00,1,0.00,,0.00,,0.00,,3.00,2.00,0,1.00,,,2.00,1,3.00,2.00,,0.00,3.00,1,5.00,1,1.00,1,,2,3,5-15 yrs,5-15 yrs,2,2,2,2,5,0,33198,420,47.22,47.22,57.14,57.14,59.90,59.90,59.52,59.52,62.50,62.50
Malta,MLT,,,NAT_TOTAL,20210723,1.00,1,2.00,1,1.00,1,4.00,1,0.00,,0.00,,0.00,,3.00,2.00,0,1.00,,,2.00,1,3.00,2.00,,0.00,3.00,1,5.00,1,1.00,1,,2,3,5-15 yrs,5-15 yrs,2,2,2,2,5,0,33370,420,47.22,47.22,57.14,57.14,59.90,59.90,59.52,59.52,62.50,62.50
Malta,MLT,,,NAT_TOTAL,20210724,1.00,1,2.00,1,1.00,1,4.00,1,0.00,,0.00,,0.00,,3.00,2.00,0,1.00,,,2.00,1,3.00,2.00,,0.00,3.00,1,5.00,1,1.00,1,,2,3,5-15 yrs,5-15 yrs,2,2,2,2,5,0,33541,421,47.22,47.22,57.14,57.14,59.90,59.90,59.52,59.52,62.50,62.50
Malta,MLT,,,NAT_TOTAL,20210725,1.00,1,2.00,1,1.00,1,4.00,1,0.00,,0.00,,0.00,,3.00,2.00,0,1.00,,,2.00,1,3.00,2.00,,0.00,3.00,1,5.00,1,1.00,1,,2,3,5-15 yrs,5-15 yrs,2,2,2,2,5,0,33668,421,47.22,47.22,57.14,57.14,59.90,59.90,59.52,59.52,62.50,62.50
Malta,MLT,,,NAT_TOTAL,20210726,1.00,1,2.00,1,1.00,1,4.00,1,0.00,,0.00,,0.00,,3.00,2.00,0,1.00,,,2.00,1,3.00,2.00,,0.00,3.00,1,5.00,1,1.00,1,,2,3,5-15 yrs,5-15 yrs,2,2,2,2,5,0,33762,421,47.22,47.22,57.14,57.14,59.90,59.90,59.52,59.52,62.50,62.50
Malta,MLT,,,NAT_TOTAL,20210727,1.00,1,2.00,1,1.00,1,4.00,1,0.00,,0.00,,0.00,,3.00,2.00,0,1.00,,,2.00,1,3.00,2.00,,0.00,3.00,1,5.00,1,1.00,1,,2,3,5-15 yrs,5-15 yrs,2,2,2,2,5,0,33904,421,47.22,47.22,57.14,57.14,59.90,59.90,59.52,59.52,62.50,62.50
Malta,MLT,,,NAT_TOTAL,20210728,1.00,1,2.00,1,1.00,1,4.00,1,0.00,,0.00,,0.00,,3.00,2.00,0,1.00,,,2.00,1,3.00,2.00,,0.00,3.00,1,5.00,1,1.00,1,,2,3,5-15 yrs,5-15 yrs,2,2,2,2,5,0,33995,423,47.22,47.22,57.14,57.14,59.90,59.90,59.52,59.52,62.50,62.50
Malta,MLT,,,NAT_TOTAL,20210729,1.00,1,2.00,1,1.00,1,4.00,1,0.00,,0.00,,0.00,,3.00,2.00,0,1.00,,,2.00,1,3.00,2.00,,0.00,3.00,1,5.00,1,1.00,1,,2,3,5-15 yrs,5-15 yrs,2,2,2,2,5,0,34090,423,47.22,47.22,57.14,57.14,59.90,59.90,59.52,59.52,62.50,62.50
Malta,MLT,,,NAT_TOTAL,20210730,1.00,1,2.00,1,1.00,1,4.00,1,0.00,,0.00,,0.00,,3.00,2.00,0,1.00,,,2.00,1,3.00,2.00,,0.00,3.00,1,5.00,1,1.00,1,,2,3,5-15 yrs,5-15 yrs,2,2,2,2,5,0,34201,423,47.22,47.22,57.14,57.14,59.90,59.90,59.52,59.52,62.50,62.50
Malta,MLT,,,NAT_TOTAL,20210731,1.00,1,2.00,1,1.00,1,4.00,1,0.00,,0.00,,0.00,,3.00,2.00,0,1.00,,,2.00,1,3.00,2.00,,0.00,3.00,1,5.00,1,1.00,1,,2,3,5-15 yrs,5-15 yrs,2,2,2,2,5,0,34295,423,47.22,47.22,57.14,57.14,59.90,59.90,59.52,59.52,62.50,62.50
Malta,MLT,,,NAT_TOTAL,20210801,1.00,1,2.00,1,1.00,1,4.00,1,0.00,,0.00,,0.00,,3.00,2.00,0,1.00,,,2.00,1,3.00,2.00,,0.00,3.00,1,5.00,1,1.00,1,,2,3,5-15 yrs,5-15 yrs,2,2,2,2,5,0,34375,423,47.22,47.22,57.14,57.14,59.90,59.90,59.52,59.52,62.50,62.50
Malta,MLT,,,NAT_TOTAL,20210802,1.00,1,2.00,1,1.00,1,4.00,1,0.00,,0.00,,0.00,,3.00,2.00,0,1.00,,,2.00,1,3.00,2.00,,0.00,3.00,1,5.00,1,1.00,1,,2,3,5-15 yrs,5-15 yrs,2,2,2,2,5,0,34439,423,47.22,47.22,57.14,57.14,59.90,59.90,59.52,59.52,62.50,62.50
Malta,MLT,,,NAT_TOTAL,20210803,1.00,1,2.00,1,1.00,1,4.00,1,0.00,,0.00,,0.00,,3.00,2.00,0,1.00,,,2.00,1,3.00,2.00,,0.00,3.00,1,5.00,1,1.00,1,,2,3,5-15 yrs,5-15 yrs,2,2,2,2,5,0,34508,423,47.22,47.22,57.14,57.14,59.90,59.90,59.52,59.52,62.50,62.50
Malta,MLT,,,NAT_TOTAL,20210804,1.00,1,2.00,1,1.00,1,4.00,1,0.00,,0.00,,0.00,,3.00,2.00,0,1.00,,,2.00,1,3.00,2.00,,0.00,3.00,1,5.00,1,1.00,1,,2,3,5-15 yrs,5-15 yrs,2,2,2,2,5,0,34590,423,47.22,47.22,57.14,57.14,59.90,59.90,59.52,59.52,62.50,62.50
Malta,MLT,,,NAT_TOTAL,20210805,1.00,1,2.00,1,1.00,1,4.00,1,0.00,,0.00,,0.00,,3.00,2.00,0,1.00,,,2.00,1,3.00,2.00,,0.00,3.00,1,5.00,1,1.00,1,,2,3,5-15 yrs,5-15 yrs,2,2,2,2,5,0,34668,424,47.22,47.22,57.14,57.14,59.90,59.90,59.52,59.52,62.50,62.50
Malta,MLT,,,NAT_TOTAL,20210806,1.00,1,1.00,1,1.00,1,4.00,1,0.00,,0.00,,0.00,,3.00,2.00,0,1.00,,,2.00,1,3.00,2.00,,0.00,3.00,1,5.00,1,1.00,1,,2,3,5-15 yrs,5-15 yrs,2,2,2,2,5,0,34716,424,43.52,43.52,53.57,53.57,57.81,57.81,57.14,57.14,62.50,62.50
Malta,MLT,,,NAT_TOTAL,20210807,1.00,1,1.00,1,1.00,1,4.00,1,0.00,,0.00,,0.00,,3.00,2.00,0,1.00,,,2.00,1,3.00,2.00,,0.00,3.00,1,5.00,1,1.00,1,,2,3,5-15 yrs,5-15 yrs,2,2,2,2,5,0,34787,424,43.52,43.52,53.57,53.57,57.81,57.81,57.14,57.14,62.50,62.50
Malta,MLT,,,NAT_TOTAL,20210808,1.00,1,1.00,1,1.00,1,4.00,1,0.00,,0.00,,0.00,,3.00,2.00,0,1.00,,,2.00,1,3.00,2.00,,0.00,3.00,1,5.00,1,1.00,1,,2,3,5-15 yrs,5-15 yrs,2,2,2,2,5,0,34846,426,43.52,43.52,53.57,53.57,57.81,57.81,57.14,57.14,62.50,62.50
Malta,MLT,,,NAT_TOTAL,20210809,1.00,1,1.00,1,1.00,1,4.00,1,0.00,,0.00,,0.00,,3.00,2.00,0,1.00,,,2.00,1,3.00,2.00,,0.00,3.00,1,5.00,1,1.00,1,,2,3,5-15 yrs,5-15 yrs,2,2,2,2,5,0,34902,428,43.52,43.52,53.57,53.57,57.81,57.81,57.14,57.14,62.50,62.50
Malta,MLT,,,NAT_TOTAL,20210810,1.00,1,1.00,1,1.00,1,4.00,1,0.00,,0.00,,0.00,,3.00,2.00,0,1.00,,,2.00,1,3.00,2.00,,0.00,3.00,1,5.00,1,1.00,1,,2,3,5-15 yrs,5-15 yrs,2,2,2,2,5,0,34953,428,43.52,43.52,53.57,53.57,57.81,57.81,57.14,57.14,62.50,62.50
Malta,MLT,,,NAT_TOTAL,20210811,1.00,1,1.00,1,1.00,1,4.00,1,0.00,,0.00,,0.00,,3.00,2.00,0,1.00,,,2.00,1,3.00,2.00,,0.00,3.00,1,5.00,1,1.00,1,,2,3,5-15 yrs,5-15 yrs,2,2,2,2,5,0,35040,429,43.52,43.52,53.57,53.57,57.81,57.81,57.14,57.14,62.50,62.50
Malta,MLT,,,NAT_TOTAL,20210812,1.00,1,1.00,1,1.00,1,4.00,1,0.00,,0.00,,0.00,,3.00,2.00,0,1.00,,,2.00,1,3.00,2.00,,0.00,3.00,1,5.00,1,1.00,1,,2,3,5-15 yrs,5-15 yrs,2,2,2,2,5,0,35091,429,43.52,43.52,53.57,53.57,57.81,57.81,57.14,57.14,62.50,62.50
Malta,MLT,,,NAT_TOTAL,20210813,1.00,1,1.00,1,1.00,1,4.00,1,0.00,,0.00,,0.00,,3.00,2.00,0,1.00,,,2.00,1,3.00,2.00,,0.00,3.00,1,5.00,1,1.00,1,,2,3,5-15 yrs,5-15 yrs,2,2,2,2,5,0,35192,429,43.52,43.52,53.57,53.57,57.81,57.81,57.14,57.14,62.50,62.50
Malta,MLT,,,NAT_TOTAL,20210814,1.00,1,1.00,1,1.00,1,4.00,1,0.00,,0.00,,0.00,,3.00,2.00,0,1.00,,,2.00,1,3.00,2.00,,0.00,3.00,1,5.00,1,1.00,1,,2,3,5-15 yrs,5-15 yrs,2,2,2,2,5,0,35286,430,43.52,43.52,53.57,53.57,57.81,57.81,57.14,57.14,62.50,62.50
Malta,MLT,,,NAT_TOTAL,20210815,1.00,1,1.00,1,1.00,1,4.00,1,0.00,,0.00,,0.00,,3.00,2.00,0,1.00,,,2.00,1,3.00,2.00,,0.00,3.00,1,5.00,1,1.00,1,,2,3,5-15 yrs,5-15 yrs,2,2,2,2,5,0,35337,430,43.52,43.52,53.57,53.57,57.81,57.81,57.14,57.14,62.50,62.50
Malta,MLT,,,NAT_TOTAL,20210816,1.00,1,1.00,1,1.00,1,4.00,1,0.00,,0.00,,0.00,,3.00,2.00,0,1.00,,,2.00,1,3.00,2.00,,0.00,3.00,1,5.00,1,1.00,1,,2,3,5-15 yrs,5-15 yrs,2,2,2,2,5,0,35380,431,43.52,43.52,53.57,53.57,57.81,57.81,57.14,57.14,62.50,62.50
Malta,MLT,,,NAT_TOTAL,20210817,1.00,1,1.00,1,1.00,1,4.00,1,0.00,,0.00,,0.00,,3.00,2.00,0,1.00,,,2.00,1,3.00,2.00,,0.00,3.00,1,5.00,1,1.00,1,,2,3,5-15 yrs,5-15 yrs,2,2,2,2,5,0,35434,433,43.52,43.52,53.57,53.57,57.81,57.81,57.14,57.14,62.50,62.50
Malta,MLT,,,NAT_TOTAL,20210818,1.00,1,1.00,1,1.00,1,4.00,1,0.00,,0.00,,0.00,,3.00,2.00,0,1.00,,,2.00,1,3.00,2.00,,0.00,3.00,1,5.00,1,1.00,1,,2,3,5-15 yrs,5-15 yrs,2,2,2,2,5,0,35516,433,43.52,43.52,53.57,53.57,57.81,57.81,57.14,57.14,62.50,62.50
Malta,MLT,,,NAT_TOTAL,20210819,1.00,1,1.00,1,1.00,1,4.00,1,0.00,,0.00,,0.00,,3.00,2.00,0,1.00,,,2.00,1,3.00,2.00,,0.00,3.00,1,5.00,1,1.00,1,,2,3,5-15 yrs,5-15 yrs,2,2,2,2,5,0,35602,435,43.52,43.52,53.57,53.57,57.81,57.81,57.14,57.14,62.50,62.50
Malta,MLT,,,NAT_TOTAL,20210820,1.00,1,1.00,1,1.00,1,4.00,1,0.00,,0.00,,0.00,,3.00,2.00,0,1.00,,,2.00,1,3.00,2.00,,0.00,3.00,1,5.00,1,1.00,1,,2,3,5-15 yrs,5-15 yrs,2,2,2,2,5,0,35653,435,43.52,43.52,53.57,53.57,57.81,57.81,57.14,57.14,62.50,62.50
Malta,MLT,,,NAT_TOTAL,20210821,1.00,1,1.00,1,1.00,1,4.00,1,0.00,,0.00,,0.00,,3.00,2.00,0,1.00,,,2.00,1,3.00,2.00,,0.00,3.00,1,5.00,1,1.00,1,,2,3,5-15 yrs,5-15 yrs,2,2,2,2,5,0,35721,436,43.52,43.52,53.57,53.57,57.81,57.81,57.14,57.14,62.50,62.50
Malta,MLT,,,NAT_TOTAL,20210822,1.00,1,1.00,1,1.00,1,4.00,1,0.00,,0.00,,0.00,,3.00,2.00,0,1.00,,,2.00,1,3.00,2.00,,0.00,3.00,1,5.00,1,1.00,1,,2,3,5-15 yrs,5-15 yrs,2,2,2,2,5,0,35774,436,43.52,43.52,53.57,53.57,57.81,57.81,57.14,57.14,62.50,62.50
Malta,MLT,,,NAT_TOTAL,20210823,1.00,1,1.00,1,1.00,1,4.00,1,0.00,,0.00,,0.00,,3.00,2.00,0,1.00,,,2.00,1,3.00,2.00,,0.00,3.00,1,5.00,1,1.00,1,,2,3,5-15 yrs,5-15 yrs,2,2,2,2,5,0,35831,436,43.52,43.52,53.57,53.57,57.81,57.81,57.14,57.14,62.50,62.50
Malta,MLT,,,NAT_TOTAL,20210824,1.00,1,1.00,1,1.00,1,4.00,1,0.00,,0.00,,0.00,,3.00,2.00,0,1.00,,,2.00,1,3.00,2.00,,0.00,3.00,1,5.00,1,1.00,1,,2,3,5-15 yrs,5-15 yrs,2,2,2,2,5,0,35866,437,43.52,43.52,53.57,53.57,57.81,57.81,57.14,57.14,62.50,62.50
Malta,MLT,,,NAT_TOTAL,20210825,1.00,1,1.00,1,1.00,1,4.00,1,0.00,,0.00,,0.00,,3.00,2.00,0,1.00,,,2.00,1,3.00,2.00,,0.00,3.00,1,5.00,1,1.00,1,,2,3,5-15 yrs,5-15 yrs,2,2,2,2,5,0,35908,437,43.52,43.52,53.57,53.57,57.81,57.81,57.14,57.14,62.50,62.50
Malta,MLT,,,NAT_TOTAL,20210826,1.00,1,1.00,1,1.00,1,4.00,1,0.00,,0.00,,0.00,,3.00,2.00,0,1.00,,,2.00,1,3.00,2.00,,0.00,3.00,1,5.00,1,1.00,1,,2,3,5-15 yrs,5-15 yrs,2,2,2,2,5,0,35950,438,43.52,43.52,53.57,53.57,57.81,57.81,57.14,57.14,62.50,62.50
Malta,MLT,,,NAT_TOTAL,20210827,1.00,1,1.00,1,1.00,1,4.00,1,0.00,,0.00,,0.00,,3.00,2.00,0,1.00,,,2.00,1,3.00,2.00,,0.00,3.00,1,5.00,1,1.00,1,,2,3,5-15 yrs,5-15 yrs,2,2,2,2,5,0,35990,439,43.52,43.52,53.57,53.57,57.81,57.81,57.14,57.14,62.50,62.50
Malta,MLT,,,NAT_TOTAL,20210828,1.00,1,1.00,1,1.00,1,4.00,1,0.00,,0.00,,0.00,,3.00,2.00,0,1.00,,,2.00,1,3.00,2.00,,0.00,3.00,1,5.00,1,1.00,1,,2,3,5-15 yrs,5-15 yrs,2,2,2,2,5,0,36039,440,43.52,43.52,53.57,53.57,57.81,57.81,57.14,57.14,62.50,62.50
Malta,MLT,,,NAT_TOTAL,20210829,1.00,1,1.00,1,1.00,1,4.00,1,0.00,,0.00,,0.00,,3.00,2.00,0,1.00,,,2.00,1,3.00,2.00,,0.00,3.00,1,5.00,1,1.00,1,,2,3,5-15 yrs,5-15 yrs,2,2,2,2,5,0,36089,440,43.52,43.52,53.57,53.57,57.81,57.81,57.14,57.14,62.50,62.50
Malta,MLT,,,NAT_TOTAL,20210830,1.00,1,1.00,1,1.00,1,4.00,1,0.00,,0.00,,0.00,,3.00,2.00,0,1.00,,,2.00,1,3.00,2.00,,0.00,3.00,1,5.00,1,1.00,1,,2,3,5-15 yrs,5-15 yrs,2,2,2,2,5,0,36123,440,43.52,43.52,53.57,53.57,57.81,57.81,57.14,57.14,62.50,62.50
Malta,MLT,,,NAT_TOTAL,20210831,1.00,1,1.00,1,1.00,1,4.00,1,0.00,,0.00,,0.00,,3.00,2.00,0,1.00,,,2.00,1,3.00,2.00,,0.00,3.00,1,5.00,1,1.00,1,,2,3,5-15 yrs,5-15 yrs,2,2,2,2,5,0,36171,441,43.52,43.52,53.57,53.57,57.81,57.81,57.14,57.14,62.50,62.50
Malta,MLT,,,NAT_TOTAL,20210901,1.00,1,1.00,1,1.00,1,4.00,1,0.00,,0.00,,0.00,,3.00,2.00,0,1.00,,,2.00,1,3.00,2.00,,0.00,3.00,1,5.00,1,1.00,1,,2,3,5-15 yrs,5-15 yrs,2,2,2,2,5,0,36247,441,43.52,43.52,53.57,53.57,57.81,57.81,57.14,57.14,62.50,62.50
Malta,MLT,,,NAT_TOTAL,20210902,1.00,1,1.00,1,1.00,1,4.00,1,0.00,,0.00,,0.00,,3.00,2.00,0,1.00,,,2.00,1,3.00,2.00,,0.00,3.00,1,5.00,1,1.00,1,,2,3,5-15 yrs,5-15 yrs,2,2,2,2,5,0,36322,441,43.52,43.52,53.57,53.57,57.81,57.81,57.14,57.14,62.50,62.50
Malta,MLT,,,NAT_TOTAL,20210903,1.00,1,1.00,1,1.00,1,4.00,1,0.00,,0.00,,0.00,,3.00,2.00,0,1.00,,,2.00,1,3.00,2.00,,0.00,3.00,1,5.00,1,1.00,1,,2,3,5-15 yrs,5-15 yrs,2,2,2,2,5,0,36364,441,43.52,43.52,53.57,53.57,57.81,57.81,57.14,57.14,62.50,62.50
Malta,MLT,,,NAT_TOTAL,20210904,1.00,1,1.00,1,1.00,1,4.00,1,0.00,,0.00,,0.00,,3.00,2.00,0,1.00,,,2.00,1,3.00,2.00,,0.00,3.00,1,5.00,1,1.00,1,,2,3,5-15 yrs,5-15 yrs,2,2,2,2,5,0,36426,442,43.52,43.52,53.57,53.57,57.81,57.81,57.14,57.14,62.50,62.50
Malta,MLT,,,NAT_TOTAL,20210905,1.00,1,1.00,1,1.00,1,4.00,1,0.00,,0.00,,0.00,,3.00,2.00,0,1.00,,,2.00,1,3.00,2.00,,0.00,3.00,1,5.00,1,1.00,1,,2,3,5-15 yrs,5-15 yrs,2,2,2,2,5,0,36475,444,43.52,43.52,53.57,53.57,57.81,57.81,57.14,57.14,62.50,62.50
Malta,MLT,,,NAT_TOTAL,20210906,1.00,1,1.00,1,1.00,1,4.00,1,0.00,,0.00,,0.00,,3.00,2.00,0,1.00,,,2.00,1,3.00,2.00,,0.00,3.00,1,5.00,1,1.00,1,,2,3,5-15 yrs,5-15 yrs,2,2,2,2,5,0,36512,445,43.52,43.52,53.57,53.57,57.81,57.81,57.14,57.14,62.50,62.50
Malta,MLT,,,NAT_TOTAL,20210907,1.00,1,1.00,1,1.00,1,4.00,1,0.00,,0.00,,0.00,,3.00,2.00,0,1.00,,,2.00,1,3.00,2.00,,0.00,3.00,1,5.00,1,1.00,1,,2,3,5-15 yrs,5-15 yrs,2,2,2,2,5,0,36553,445,43.52,43.52,53.57,53.57,57.81,57.81,57.14,57.14,62.50,62.50
Malta,MLT,,,NAT_TOTAL,20210908,1.00,1,1.00,1,1.00,1,4.00,1,0.00,,0.00,,0.00,,3.00,2.00,0,1.00,,,2.00,1,3.00,2.00,,0.00,3.00,1,5.00,1,1.00,1,,2,3,5-15 yrs,5-15 yrs,2,2,2,2,5,0,36606,446,43.52,43.52,53.57,53.57,57.81,57.81,57.14,57.14,62.50,62.50
Malta,MLT,,,NAT_TOTAL,20210909,1.00,1,1.00,1,1.00,1,4.00,1,0.00,,0.00,,0.00,,3.00,2.00,0,1.00,,,2.00,1,3.00,2.00,,0.00,3.00,1,5.00,1,1.00,1,,2,3,5-15 yrs,5-15 yrs,2,2,2,2,5,0,36636,446,43.52,43.52,53.57,53.57,57.81,57.81,57.14,57.14,62.50,62.50
Malta,MLT,,,NAT_TOTAL,20210910,1.00,1,1.00,1,1.00,1,4.00,1,0.00,,0.00,,0.00,,3.00,2.00,0,1.00,,,2.00,1,3.00,2.00,,0.00,3.00,1,5.00,1,1.00,1,,2,3,5-15 yrs,5-15 yrs,2,2,2,2,5,0,36674,446,43.52,43.52,53.57,53.57,57.81,57.81,57.14,57.14,62.50,62.50
Malta,MLT,,,NAT_TOTAL,20210911,1.00,1,1.00,1,1.00,1,4.00,1,0.00,,0.00,,0.00,,3.00,2.00,0,1.00,,,2.00,1,3.00,2.00,,0.00,3.00,1,5.00,1,1.00,1,,2,3,5-15 yrs,5-15 yrs,2,2,2,2,5,0,36708,447,43.52,43.52,53.57,53.57,57.81,57.81,57.14,57.14,62.50,62.50
Malta,MLT,,,NAT_TOTAL,20210912,1.00,1,1.00,1,1.00,1,4.00,1,0.00,,0.00,,0.00,,3.00,2.00,0,1.00,,,2.00,1,3.00,2.00,,0.00,3.00,1,5.00,1,1.00,1,,2,3,5-15 yrs,5-15 yrs,2,2,2,2,5,0,36758,449,43.52,43.52,53.57,53.57,57.81,57.81,57.14,57.14,62.50,62.50
Malta,MLT,,,NAT_TOTAL,20210913,1.00,1,1.00,1,1.00,1,4.00,1,0.00,,0.00,,0.00,,3.00,2.00,0,1.00,,,2.00,1,3.00,2.00,,0.00,3.00,1,5.00,1,1.00,1,,2,3,5-15 yrs,5-15 yrs,2,2,2,2,5,0,36793,449,43.52,43.52,53.57,53.57,57.81,57.81,57.14,57.14,62.50,62.50
Malta,MLT,,,NAT_TOTAL,20210914,1.00,1,1.00,1,1.00,1,4.00,1,0.00,,0.00,,0.00,,3.00,2.00,0,1.00,,,2.00,1,3.00,2.00,,0.00,3.00,1,5.00,1,1.00,1,,2,3,5-15 yrs,5-15 yrs,2,2,2,2,5,0,36843,449,43.52,43.52,53.57,53.57,57.81,57.81,57.14,57.14,62.50,62.50
Malta,MLT,,,NAT_TOTAL,20210915,1.00,1,1.00,1,1.00,1,4.00,1,0.00,,0.00,,0.00,,3.00,2.00,0,1.00,,,2.00,1,3.00,2.00,,0.00,3.00,1,5.00,1,1.00,1,,2,3,5-15 yrs,5-15 yrs,2,2,2,2,5,0,36875,450,43.52,43.52,53.57,53.57,57.81,57.81,57.14,57.14,62.50,62.50
Malta,MLT,,,NAT_TOTAL,20210916,1.00,1,1.00,1,1.00,1,4.00,1,0.00,,0.00,,0.00,,3.00,2.00,0,1.00,,,2.00,1,3.00,2.00,,0.00,3.00,1,5.00,1,1.00,1,,2,3,5-15 yrs,5-15 yrs,2,2,2,2,5,0,36900,452,43.52,43.52,53.57,53.57,57.81,57.81,57.14,57.14,62.50,62.50
Malta,MLT,,,NAT_TOTAL,20210917,1.00,1,1.00,1,1.00,1,4.00,1,0.00,,0.00,,0.00,,3.00,2.00,0,1.00,,,2.00,1,3.00,2.00,,0.00,3.00,1,5.00,1,1.00,1,,2,3,5-15 yrs,5-15 yrs,2,2,2,2,5,0,36927,453,43.52,43.52,53.57,53.57,57.81,57.81,57.14,57.14,62.50,62.50
Malta,MLT,,,NAT_TOTAL,20210918,1.00,1,1.00,1,1.00,1,4.00,1,0.00,,0.00,,0.00,,3.00,2.00,0,1.00,,,2.00,1,3.00,2.00,,0.00,3.00,1,5.00,1,1.00,1,,2,3,5-15 yrs,5-15 yrs,2,2,2,2,5,0,36952,453,43.52,43.52,53.57,53.57,57.81,57.81,57.14,57.14,62.50,62.50
Malta,MLT,,,NAT_TOTAL,20210919,1.00,1,1.00,1,1.00,1,4.00,1,0.00,,0.00,,0.00,,3.00,2.00,0,1.00,,,2.00,1,3.00,2.00,,0.00,3.00,1,5.00,1,1.00,1,,2,3,5-15 yrs,5-15 yrs,2,2,2,2,5,0,36972,453,43.52,43.52,53.57,53.57,57.81,57.81,57.14,57.14,62.50,62.50
Malta,MLT,,,NAT_TOTAL,20210920,1.00,1,1.00,1,1.00,1,4.00,1,0.00,,0.00,,0.00,,3.00,2.00,0,1.00,,,2.00,1,3.00,2.00,,0.00,3.00,1,5.00,1,1.00,1,,2,3,5-15 yrs,5-15 yrs,2,2,2,2,5,0,36994,455,43.52,43.52,53.57,53.57,57.81,57.81,57.14,57.14,62.50,62.50
Malta,MLT,,,NAT_TOTAL,20210921,1.00,1,1.00,1,1.00,1,4.00,1,0.00,,0.00,,0.00,,3.00,2.00,0,1.00,,,2.00,1,3.00,2.00,,0.00,3.00,1,5.00,1,1.00,1,,2,3,5-15 yrs,5-15 yrs,2,2,2,2,5,0,37018,456,43.52,43.52,53.57,53.57,57.81,57.81,57.14,57.14,62.50,62.50
Malta,MLT,,,NAT_TOTAL,20210922,1.00,1,1.00,1,1.00,1,4.00,1,0.00,,0.00,,0.00,,3.00,2.00,0,1.00,,,2.00,1,3.00,2.00,,0.00,3.00,1,5.00,1,1.00,1,,2,3,5-15 yrs,5-15 yrs,2,2,2,2,5,0,37036,456,43.52,43.52,53.57,53.57,57.81,57.81,57.14,57.14,62.50,62.50
Malta,MLT,,,NAT_TOTAL,20210923,1.00,1,1.00,1,1.00,1,4.00,1,0.00,,0.00,,0.00,,3.00,2.00,0,1.00,,,2.00,1,3.00,2.00,,0.00,3.00,1,5.00,1,1.00,1,,2,3,5-15 yrs,5-15 yrs,2,2,2,2,5,0,37048,456,43.52,43.52,53.57,53.57,57.81,57.81,57.14,57.14,62.50,62.50
Malta,MLT,,,NAT_TOTAL,20210924,1.00,1,1.00,1,1.00,1,4.00,1,0.00,,0.00,,0.00,,3.00,2.00,0,1.00,,,2.00,1,3.00,2.00,,0.00,3.00,1,5.00,1,1.00,1,,2,3,5-15 yrs,5-15 yrs,2,2,2,2,5,0,37061,457,43.52,43.52,53.57,53.57,57.81,57.81,57.14,57.14,62.50,62.50
Malta,MLT,,,NAT_TOTAL,20210925,1.00,1,1.00,1,1.00,1,4.00,1,0.00,,0.00,,0.00,,3.00,2.00,0,1.00,,,2.00,1,3.00,2.00,,0.00,3.00,1,5.00,1,1.00,1,,2,3,5-15 yrs,5-15 yrs,2,2,2,2,5,0,37077,457,43.52,43.52,53.57,53.57,57.81,57.81,57.14,57.14,62.50,62.50
Malta,MLT,,,NAT_TOTAL,20210926,1.00,1,1.00,1,1.00,1,4.00,1,0.00,,0.00,,0.00,,3.00,2.00,0,1.00,,,2.00,1,3.00,2.00,,0.00,3.00,1,5.00,1,1.00,1,,2,3,5-15 yrs,5-15 yrs,2,2,2,2,5,0,37090,457,43.52,43.52,53.57,53.57,57.81,57.81,57.14,57.14,62.50,62.50
Malta,MLT,,,NAT_TOTAL,20210927,1.00,1,1.00,1,1.00,1,4.00,1,0.00,,0.00,,0.00,,3.00,2.00,0,1.00,,,2.00,1,3.00,2.00,,0.00,3.00,1,5.00,1,1.00,1,,2,3,5-15 yrs,5-15 yrs,2,2,2,2,5,0,37103,457,43.52,43.52,53.57,53.57,57.81,57.81,57.14,57.14,62.50,62.50
Malta,MLT,,,NAT_TOTAL,20210928,1.00,1,1.00,1,1.00,1,4.00,1,0.00,,0.00,,0.00,,3.00,2.00,0,1.00,,,2.00,1,3.00,2.00,,0.00,3.00,1,5.00,1,1.00,1,,2,3,5-15 yrs,5-15 yrs,2,2,2,2,5,0,37119,457,43.52,43.52,53.57,53.57,57.81,57.81,57.14,57.14,62.50,62.50
Malta,MLT,,,NAT_TOTAL,20210929,1.00,1,1.00,1,1.00,1,4.00,1,0.00,,0.00,,0.00,,3.00,2.00,0,1.00,,,2.00,1,3.00,2.00,,0.00,3.00,1,5.00,1,1.00,1,,2,3,5-15 yrs,5-15 yrs,2,2,2,2,5,0,37127,457,43.52,43.52,53.57,53.57,57.81,57.81,57.14,57.14,62.50,62.50
Malta,MLT,,,NAT_TOTAL,20210930,1.00,1,1.00,1,1.00,1,4.00,1,0.00,,0.00,,0.00,,3.00,2.00,0,1.00,,,2.00,1,3.00,2.00,,0.00,3.00,1,5.00,1,1.00,1,,2,3,5-15 yrs,5-15 yrs,2,2,2,2,5,0,37149,457,43.52,43.52,53.57,53.57,57.81,57.81,57.14,57.14,62.50,62.50
Malta,MLT,,,NAT_TOTAL,20211001,1.00,1,1.00,1,1.00,1,4.00,1,0.00,,0.00,,0.00,,3.00,2.00,0,1.00,,,2.00,1,3.00,2.00,,0.00,3.00,1,5.00,1,1.00,1,,2,3,5-15 yrs,5-15 yrs,2,2,2,2,5,0,37163,458,43.52,43.52,53.57,53.57,57.81,57.81,57.14,57.14,62.50,62.50
Malta,MLT,,,NAT_TOTAL,20211002,1.00,1,1.00,1,1.00,1,4.00,1,0.00,,0.00,,0.00,,3.00,2.00,0,1.00,,,2.00,1,3.00,2.00,,0.00,3.00,1,5.00,1,1.00,1,,2,3,5-15 yrs,5-15 yrs,2,2,2,2,5,0,37187,459,43.52,43.52,53.57,53.57,57.81,57.81,57.14,57.14,62.50,62.50
Malta,MLT,,,NAT_TOTAL,20211003,1.00,1,1.00,1,1.00,1,4.00,1,0.00,,0.00,,0.00,,3.00,2.00,0,1.00,,,2.00,1,3.00,2.00,,0.00,3.00,1,5.00,1,1.00,1,,2,3,5-15 yrs,5-15 yrs,2,2,2,2,5,0,37197,459,43.52,43.52,53.57,53.57,57.81,57.81,57.14,57.14,62.50,62.50
Malta,MLT,,,NAT_TOTAL,20211004,1.00,1,1.00,1,1.00,1,4.00,1,0.00,,0.00,,0.00,,3.00,2.00,0,1.00,,,2.00,1,3.00,2.00,,0.00,3.00,1,5.00,1,1.00,1,,2,3,5-15 yrs,5-15 yrs,2,2,2,2,5,0,37221,459,43.52,43.52,53.57,53.57,57.81,57.81,57.14,57.14,62.50,62.50
Malta,MLT,,,NAT_TOTAL,20211005,1.00,1,1.00,1,1.00,1,4.00,1,0.00,,0.00,,0.00,,3.00,2.00,0,1.00,,,2.00,1,3.00,2.00,,0.00,3.00,1,5.00,1,1.00,1,,2,3,5-15 yrs,5-15 yrs,2,2,2,2,5,0,37246,459,43.52,43.52,53.57,53.57,57.81,57.81,57.14,57.14,62.50,62.50
Malta,MLT,,,NAT_TOTAL,20211006,1.00,1,1.00,1,1.00,1,4.00,1,0.00,,0.00,,0.00,,3.00,2.00,0,1.00,,,2.00,1,3.00,2.00,,0.00,3.00,1,5.00,1,1.00,1,,2,3,5-15 yrs,5-15 yrs,2,2,2,2,5,0,37264,459,43.52,43.52,53.57,53.57,57.81,57.81,57.14,57.14,62.50,62.50
Malta,MLT,,,NAT_TOTAL,20211007,1.00,1,1.00,1,1.00,1,4.00,1,0.00,,0.00,,0.00,,3.00,2.00,0,1.00,,,2.00,1,3.00,2.00,,0.00,3.00,1,5.00,1,1.00,1,,2,3,5-15 yrs,5-15 yrs,2,2,2,2,5,0,37283,459,43.52,43.52,53.57,53.57,57.81,57.81,57.14,57.14,62.50,62.50
Malta,MLT,,,NAT_TOTAL,20211008,1.00,1,1.00,1,1.00,1,4.00,1,0.00,,0.00,,0.00,,3.00,2.00,0,1.00,,,2.00,1,3.00,2.00,,0.00,3.00,1,5.00,1,1.00,1,,2,3,5-15 yrs,5-15 yrs,2,2,2,2,5,0,37307,459,43.52,43.52,53.57,53.57,57.81,57.81,57.14,57.14,62.50,62.50
Malta,MLT,,,NAT_TOTAL,20211009,1.00,1,1.00,1,1.00,1,4.00,1,0.00,,0.00,,0.00,,3.00,2.00,0,1.00,,,2.00,1,3.00,2.00,,0.00,3.00,1,5.00,1,1.00,1,,2,3,5-15 yrs,5-15 yrs,2,2,2,2,5,0,37323,459,43.52,43.52,53.57,53.57,57.81,57.81,57.14,57.14,62.50,62.50
Malta,MLT,,,NAT_TOTAL,20211010,1.00,1,1.00,1,1.00,1,4.00,1,0.00,,0.00,,0.00,,3.00,2.00,0,1.00,,,2.00,1,3.00,2.00,,0.00,3.00,1,5.00,1,1.00,1,,2,3,5-15 yrs,5-15 yrs,2,2,2,2,5,0,37347,459,43.52,43.52,53.57,53.57,57.81,57.81,57.14,57.14,62.50,62.50
Malta,MLT,,,NAT_TOTAL,20211011,1.00,1,1.00,1,1.00,1,4.00,1,0.00,,0.00,,0.00,,3.00,2.00,0,1.00,,,2.00,1,3.00,2.00,,0.00,3.00,1,5.00,1,1.00,1,,2,3,5-15 yrs,5-15 yrs,2,2,2,2,5,0,37358,459,43.52,43.52,53.57,53.57,57.81,57.81,57.14,57.14,62.50,62.50
Malta,MLT,,,NAT_TOTAL,20211012,1.00,1,1.00,1,1.00,1,4.00,1,0.00,,0.00,,0.00,,3.00,2.00,0,1.00,,,2.00,1,3.00,2.00,,0.00,3.00,1,5.00,1,1.00,1,,2,3,5-15 yrs,5-15 yrs,2,2,2,2,5,0,37375,459,43.52,43.52,53.57,53.57,57.81,57.81,57.14,57.14,62.50,62.50
Malta,MLT,,,NAT_TOTAL,20211013,1.00,1,1.00,1,1.00,1,4.00,1,0.00,,0.00,,0.00,,3.00,2.00,0,1.00,,,2.00,1,3.00,2.00,,0.00,3.00,1,5.00,1,1.00,1,,2,3,5-15 yrs,5-15 yrs,2,2,2,2,5,0,37393,459,43.52,43.52,53.57,53.57,57.81,57.81,57.14,57.14,62.50,62.50
Malta,MLT,,,NAT_TOTAL,20211014,1.00,1,1.00,1,1.00,1,4.00,1,0.00,,0.00,,0.00,,3.00,2.00,0,1.00,,,2.00,1,3.00,2.00,,0.00,3.00,1,5.00,1,1.00,1,,2,3,5-15 yrs,5-15 yrs,2,2,2,2,5,0,37412,459,43.52,43.52,53.57,53.57,57.81,57.81,57.14,57.14,62.50,62.50
Malta,MLT,,,NAT_TOTAL,20211015,1.00,1,1.00,1,1.00,1,4.00,1,0.00,,0.00,,0.00,,3.00,2.00,0,1.00,,,2.00,1,3.00,2.00,,0.00,3.00,1,5.00,1,1.00,1,,2,3,5-15 yrs,5-15 yrs,2,2,2,2,5,0,37437,459,43.52,43.52,53.57,53.57,57.81,57.81,57.14,57.14,62.50,62.50
Malta,MLT,,,NAT_TOTAL,20211016,1.00,1,1.00,1,1.00,1,4.00,1,0.00,,0.00,,0.00,,3.00,2.00,0,1.00,,,2.00,1,3.00,2.00,,0.00,3.00,1,5.00,1,1.00,1,,2,3,5-15 yrs,5-15 yrs,2,2,2,2,5,0,37445,459,43.52,43.52,53.57,53.57,57.81,57.81,57.14,57.14,62.50,62.50
Malta,MLT,,,NAT_TOTAL,20211017,1.00,1,1.00,1,1.00,1,4.00,1,0.00,,0.00,,0.00,,3.00,2.00,0,1.00,,,2.00,1,3.00,2.00,,0.00,3.00,1,5.00,1,1.00,1,,2,3,5-15 yrs,5-15 yrs,2,2,2,2,5,0,37453,459,43.52,43.52,53.57,53.57,57.81,57.81,57.14,57.14,62.50,62.50
Malta,MLT,,,NAT_TOTAL,20211018,1.00,1,1.00,1,1.00,1,4.00,1,0.00,,0.00,,0.00,,3.00,2.00,0,1.00,,,2.00,1,3.00,2.00,,0.00,3.00,1,5.00,1,1.00,1,,2,3,5-15 yrs,5-15 yrs,2,2,2,2,5,0,37464,459,43.52,43.52,53.57,53.57,57.81,57.81,57.14,57.14,62.50,62.50
Malta,MLT,,,NAT_TOTAL,20211019,1.00,1,1.00,1,1.00,1,4.00,1,0.00,,0.00,,0.00,,3.00,2.00,0,1.00,,,2.00,1,3.00,2.00,,0.00,3.00,1,5.00,1,1.00,1,,2,3,5-15 yrs,5-15 yrs,2,2,2,2,5,0,37486,459,43.52,43.52,53.57,53.57,57.81,57.81,57.14,57.14,62.50,62.50
Malta,MLT,,,NAT_TOTAL,20211020,1.00,1,1.00,1,1.00,1,4.00,1,0.00,,0.00,,0.00,,3.00,2.00,0,1.00,,,2.00,1,3.00,2.00,,0.00,3.00,1,5.00,1,1.00,1,,2,3,5-15 yrs,5-15 yrs,2,2,2,2,5,0,37506,459,43.52,43.52,53.57,53.57,57.81,57.81,57.14,57.14,62.50,62.50
Malta,MLT,,,NAT_TOTAL,20211021,1.00,1,1.00,1,1.00,1,4.00,1,0.00,,0.00,,0.00,,3.00,2.00,0,1.00,,,2.00,1,3.00,2.00,,0.00,3.00,1,5.00,1,1.00,1,,2,3,5-15 yrs,5-15 yrs,2,2,2,2,5,0,37523,459,43.52,43.52,53.57,53.57,57.81,57.81,57.14,57.14,62.50,62.50
Malta,MLT,,,NAT_TOTAL,20211022,1.00,1,1.00,1,1.00,1,4.00,1,0.00,,0.00,,0.00,,3.00,2.00,0,1.00,,,2.00,1,3.00,2.00,,0.00,3.00,1,5.00,1,1.00,1,,2,3,5-15 yrs,5-15 yrs,2,2,2,2,5,0,37533,459,43.52,43.52,53.57,53.57,57.81,57.81,57.14,57.14,62.50,62.50
Malta,MLT,,,NAT_TOTAL,20211023,1.00,1,1.00,1,1.00,1,4.00,1,0.00,,0.00,,0.00,,3.00,2.00,0,1.00,,,2.00,1,3.00,2.00,,0.00,3.00,1,5.00,1,1.00,1,,2,3,5-15 yrs,5-15 yrs,2,2,2,2,5,0,37539,459,43.52,43.52,53.57,53.57,57.81,57.81,57.14,57.14,62.50,62.50
Malta,MLT,,,NAT_TOTAL,20211024,1.00,1,1.00,1,1.00,1,4.00,1,0.00,,0.00,,0.00,,3.00,2.00,0,1.00,,,2.00,1,3.00,2.00,,0.00,3.00,1,5.00,1,1.00,1,,2,3,5-15 yrs,5-15 yrs,2,2,2,2,5,0,37551,459,43.52,43.52,53.57,53.57,57.81,57.81,57.14,57.14,62.50,62.50
Malta,MLT,,,NAT_TOTAL,20211025,1.00,1,1.00,1,1.00,1,4.00,1,0.00,,0.00,,0.00,,3.00,2.00,0,1.00,,,2.00,1,3.00,2.00,,0.00,3.00,1,5.00,1,1.00,1,,2,3,5-15 yrs,5-15 yrs,2,2,2,2,5,0,37564,460,43.52,43.52,53.57,53.57,57.81,57.81,57.14,57.14,62.50,62.50
Malta,MLT,,,NAT_TOTAL,20211026,1.00,1,1.00,1,1.00,1,4.00,1,0.00,,0.00,,0.00,,3.00,2.00,0,1.00,,,2.00,1,3.00,2.00,,0.00,3.00,1,5.00,1,1.00,1,,2,3,5-15 yrs,5-15 yrs,2,2,2,2,5,0,37580,460,43.52,43.52,53.57,53.57,57.81,57.81,57.14,57.14,62.50,62.50
Malta,MLT,,,NAT_TOTAL,20211027,1.00,1,1.00,1,1.00,1,4.00,1,0.00,,0.00,,0.00,,3.00,2.00,0,1.00,,,2.00,1,3.00,2.00,,0.00,3.00,1,5.00,1,1.00,1,,2,3,5-15 yrs,5-15 yrs,2,2,2,2,5,0,37595,460,43.52,43.52,53.57,53.57,57.81,57.81,57.14,57.14,62.50,62.50
Malta,MLT,,,NAT_TOTAL,20211028,1.00,1,1.00,1,1.00,1,4.00,1,0.00,,0.00,,0.00,,3.00,2.00,0,1.00,,,2.00,1,3.00,2.00,,0.00,3.00,1,5.00,1,1.00,1,,2,3,5-15 yrs,5-15 yrs,2,2,2,2,5,0,37610,460,43.52,43.52,53.57,53.57,57.81,57.81,57.14,57.14,62.50,62.50
Malta,MLT,,,NAT_TOTAL,20211029,1.00,1,1.00,1,1.00,1,4.00,1,0.00,,0.00,,0.00,,3.00,2.00,0,1.00,,,2.00,1,3.00,2.00,,0.00,3.00,1,5.00,1,1.00,1,,2,3,5-15 yrs,5-15 yrs,2,2,2,2,5,0,37618,461,43.52,43.52,53.57,53.57,57.81,57.81,57.14,57.14,62.50,62.50
Malta,MLT,,,NAT_TOTAL,20211030,1.00,1,1.00,1,1.00,1,4.00,1,0.00,,0.00,,0.00,,3.00,2.00,0,1.00,,,2.00,1,3.00,2.00,,0.00,3.00,1,5.00,1,1.00,1,,2,3,5-15 yrs,5-15 yrs,2,2,2,2,5,0,37637,461,43.52,43.52,53.57,53.57,57.81,57.81,57.14,57.14,62.50,62.50
Malta,MLT,,,NAT_TOTAL,20211031,1.00,1,1.00,1,1.00,1,4.00,1,0.00,,0.00,,0.00,,3.00,2.00,0,1.00,,,2.00,1,3.00,2.00,,0.00,3.00,1,5.00,1,1.00,1,,2,3,5-15 yrs,5-15 yrs,2,2,2,2,5,0,37653,461,43.52,43.52,53.57,53.57,57.81,57.81,57.14,57.14,62.50,62.50
Malta,MLT,,,NAT_TOTAL,20211101,1.00,1,1.00,1,1.00,1,4.00,1,0.00,,0.00,,0.00,,3.00,2.00,0,1.00,,,2.00,1,3.00,2.00,,0.00,3.00,1,5.00,1,1.00,1,,2,3,5-15 yrs,5-15 yrs,2,2,2,2,5,0,37673,461,43.52,43.52,53.57,53.57,57.81,57.81,57.14,57.14,62.50,62.50
Malta,MLT,,,NAT_TOTAL,20211102,1.00,1,1.00,1,1.00,1,4.00,1,0.00,,0.00,,0.00,,3.00,2.00,0,1.00,,,2.00,1,3.00,2.00,,0.00,3.00,1,5.00,1,1.00,1,,2,3,5-15 yrs,5-15 yrs,2,2,2,2,5,0,37702,462,43.52,43.52,53.57,53.57,57.81,57.81,57.14,57.14,62.50,62.50
Malta,MLT,,,NAT_TOTAL,20211103,1.00,1,1.00,1,1.00,1,4.00,1,0.00,,0.00,,0.00,,3.00,2.00,0,1.00,,,2.00,1,3.00,2.00,,0.00,3.00,1,5.00,1,1.00,1,,2,3,5-15 yrs,5-15 yrs,2,2,2,2,5,0,37736,462,43.52,43.52,53.57,53.57,57.81,57.81,57.14,57.14,62.50,62.50
Malta,MLT,,,NAT_TOTAL,20211104,1.00,1,1.00,1,1.00,1,4.00,1,0.00,,0.00,,0.00,,3.00,2.00,0,1.00,,,2.00,1,3.00,2.00,,0.00,3.00,1,5.00,1,1.00,1,,2,3,5-15 yrs,5-15 yrs,2,2,2,2,5,0,37773,462,43.52,43.52,53.57,53.57,57.81,57.81,57.14,57.14,62.50,62.50
Malta,MLT,,,NAT_TOTAL,20211105,1.00,1,1.00,1,1.00,1,4.00,1,0.00,,0.00,,0.00,,3.00,2.00,0,1.00,,,2.00,1,3.00,2.00,,0.00,3.00,1,5.00,1,1.00,1,,2,3,5-15 yrs,5-15 yrs,2,2,2,2,5,0,37813,462,43.52,43.52,53.57,53.57,57.81,57.81,57.14,57.14,62.50,62.50
Malta,MLT,,,NAT_TOTAL,20211106,1.00,1,1.00,1,1.00,1,4.00,1,0.00,,0.00,,0.00,,3.00,2.00,0,1.00,,,2.00,1,3.00,2.00,,0.00,3.00,1,5.00,1,1.00,1,,2,3,5-15 yrs,5-15 yrs,2,2,2,2,5,0,37854,462,43.52,43.52,53.57,53.57,57.81,57.81,57.14,57.14,62.50,62.50
Malta,MLT,,,NAT_TOTAL,20211107,1.00,1,1.00,1,1.00,1,4.00,1,0.00,,0.00,,0.00,,3.00,2.00,0,1.00,,,2.00,1,3.00,2.00,,0.00,3.00,1,5.00,1,1.00,1,,2,3,5-15 yrs,5-15 yrs,2,2,2,2,5,0,37904,462,43.52,43.52,53.57,53.57,57.81,57.81,57.14,57.14,62.50,62.50
Malta,MLT,,,NAT_TOTAL,20211108,1.00,1,1.00,1,1.00,1,4.00,1,0.00,,0.00,,0.00,,3.00,2.00,0,1.00,,,2.00,1,3.00,2.00,,0.00,3.00,1,5.00,1,1.00,1,,2,3,5-15 yrs,5-15 yrs,2,2,2,2,5,0,37931,462,43.52,43.52,53.57,53.57,57.81,57.81,57.14,57.14,62.50,62.50
Malta,MLT,,,NAT_TOTAL,20211109,1.00,1,1.00,1,1.00,1,4.00,1,0.00,,0.00,,0.00,,3.00,2.00,0,1.00,,,2.00,1,3.00,2.00,,0.00,3.00,1,5.00,1,1.00,1,,2,3,5-15 yrs,5-15 yrs,2,2,2,2,5,0,37966,462,43.52,43.52,53.57,53.57,57.81,57.81,57.14,57.14,62.50,62.50
Malta,MLT,,,NAT_TOTAL,20211110,1.00,1,1.00,1,1.00,1,4.00,1,0.00,,0.00,,0.00,,3.00,2.00,0,1.00,,,2.00,1,3.00,2.00,,0.00,3.00,1,5.00,1,1.00,1,,2,3,5-15 yrs,5-15 yrs,2,2,2,2,5,0,38004,462,43.52,43.52,53.57,53.57,57.81,57.81,57.14,57.14,62.50,62.50
Malta,MLT,,,NAT_TOTAL,20211111,1.00,1,1.00,1,1.00,1,4.00,1,0.00,,0.00,,0.00,,3.00,2.00,0,1.00,,,2.00,1,3.00,2.00,,0.00,3.00,1,5.00,1,1.00,1,,2,3,5-15 yrs,5-15 yrs,2,2,2,2,5,0,38067,462,43.52,43.52,53.57,53.57,57.81,57.81,57.14,57.14,62.50,62.50
Malta,MLT,,,NAT_TOTAL,20211112,1.00,1,1.00,1,1.00,1,4.00,1,0.00,,0.00,,0.00,,3.00,2.00,0,1.00,,,2.00,1,3.00,2.00,,0.00,3.00,1,5.00,1,1.00,1,,2,3,5-15 yrs,5-15 yrs,2,2,2,2,5,0,38117,462,43.52,43.52,53.57,53.57,57.81,57.81,57.14,57.14,62.50,62.50
Malta,MLT,,,NAT_TOTAL,20211113,1.00,1,1.00,1,1.00,1,4.00,1,0.00,,0.00,,0.00,,3.00,2.00,0,1.00,,,2.00,1,3.00,2.00,,0.00,3.00,1,5.00,1,1.00,1,,2,3,5-15 yrs,5-15 yrs,2,2,2,2,5,0,38168,462,43.52,43.52,53.57,53.57,57.81,57.81,57.14,57.14,62.50,62.50
Malta,MLT,,,NAT_TOTAL,20211114,1.00,1,1.00,1,1.00,1,4.00,1,0.00,,0.00,,0.00,,3.00,2.00,0,1.00,,,2.00,1,3.00,2.00,,0.00,3.00,1,5.00,1,1.00,1,,2,3,5-15 yrs,5-15 yrs,2,2,2,2,5,0,38200,462,43.52,43.52,53.57,53.57,57.81,57.81,57.14,57.14,62.50,62.50
Malta,MLT,,,NAT_TOTAL,20211115,1.00,1,1.00,1,1.00,1,4.00,1,0.00,,0.00,,0.00,,3.00,2.00,0,1.00,,,2.00,1,3.00,2.00,,0.00,3.00,1,5.00,1,1.00,1,,2,3,5-15 yrs,5-15 yrs,2,2,2,2,5,0,38255,462,43.52,43.52,53.57,53.57,57.81,57.81,57.14,57.14,62.50,62.50
Malta,MLT,,,NAT_TOTAL,20211116,1.00,1,1.00,1,1.00,1,4.00,1,0.00,,0.00,,0.00,,3.00,2.00,0,1.00,,,2.00,1,3.00,2.00,,0.00,3.00,1,5.00,1,1.00,1,,2,3,5-15 yrs,5-15 yrs,2,2,2,2,5,0,38319,462,43.52,43.52,53.57,53.57,57.81,57.81,57.14,57.14,62.50,62.50
Malta,MLT,,,NAT_TOTAL,20211117,1.00,1,1.00,1,1.00,1,4.00,1,0.00,,0.00,,0.00,,3.00,2.00,0,1.00,,,2.00,1,3.00,2.00,,0.00,3.00,1,5.00,1,1.00,1,,2,3,5-15 yrs,5-15 yrs,2,2,2,2,5,0,38383,462,43.52,43.52,53.57,53.57,57.81,57.81,57.14,57.14,62.50,62.50
Malta,MLT,,,NAT_TOTAL,20211118,1.00,1,1.00,1,1.00,1,4.00,1,0.00,,0.00,,0.00,,3.00,2.00,0,1.00,,,2.00,1,3.00,2.00,,0.00,3.00,1,5.00,1,1.00,1,,2,3,5-15 yrs,5-15 yrs,2,2,2,2,5,0,38449,462,43.52,43.52,53.57,53.57,57.81,57.81,57.14,57.14,62.50,62.50
Malta,MLT,,,NAT_TOTAL,20211119,1.00,1,1.00,1,1.00,1,4.00,1,0.00,,0.00,,0.00,,3.00,2.00,0,1.00,,,2.00,1,3.00,2.00,,0.00,3.00,1,5.00,1,1.00,1,,2,3,5-15 yrs,5-15 yrs,2,2,2,2,5,0,38528,463,43.52,43.52,53.57,53.57,57.81,57.81,57.14,57.14,62.50,62.50
Malta,MLT,,,NAT_TOTAL,20211120,1.00,1,1.00,1,1.00,1,4.00,1,0.00,,0.00,,0.00,,3.00,2.00,0,1.00,,,2.00,1,3.00,2.00,,0.00,3.00,1,5.00,1,1.00,1,,2,3,5-15 yrs,5-15 yrs,2,2,2,2,5,0,38587,463,43.52,43.52,53.57,53.57,57.81,57.81,57.14,57.14,62.50,62.50
Malta,MLT,,,NAT_TOTAL,20211121,1.00,1,1.00,1,1.00,1,4.00,1,0.00,,0.00,,0.00,,3.00,2.00,0,1.00,,,2.00,1,3.00,2.00,,0.00,3.00,1,5.00,1,1.00,1,,2,3,5-15 yrs,5-15 yrs,2,2,2,2,5,0,38709,463,43.52,43.52,53.57,53.57,57.81,57.81,57.14,57.14,62.50,62.50
Malta,MLT,,,NAT_TOTAL,20211122,1.00,1,1.00,1,1.00,1,4.00,1,0.00,,0.00,,0.00,,3.00,2.00,0,1.00,,,2.00,1,3.00,2.00,,0.00,3.00,1,5.00,1,1.00,1,,2,3,5-15 yrs,5-15 yrs,2,2,2,2,5,0,38771,464,43.52,43.52,53.57,53.57,57.81,57.81,57.14,57.14,62.50,62.50
Malta,MLT,,,NAT_TOTAL,20211123,1.00,1,1.00,1,1.00,1,4.00,1,0.00,,0.00,,0.00,,3.00,2.00,0,1.00,,,2.00,1,3.00,2.00,,0.00,3.00,1,5.00,1,1.00,1,,2,3,5-15 yrs,5-15 yrs,2,2,2,2,5,0,38842,464,43.52,43.52,53.57,53.57,57.81,57.81,57.14,57.14,62.50,62.50
Malta,MLT,,,NAT_TOTAL,20211124,1.00,1,1.00,1,1.00,1,4.00,1,0.00,,0.00,,0.00,,3.00,2.00,0,1.00,,,2.00,1,3.00,2.00,,0.00,3.00,1,5.00,1,1.00,1,,2,3,5-15 yrs,5-15 yrs,2,2,2,2,5,0,38928,464,43.52,43.52,53.57,53.57,57.81,57.81,57.14,57.14,62.50,62.50
Malta,MLT,,,NAT_TOTAL,20211125,1.00,1,1.00,1,1.00,1,4.00,1,0.00,,0.00,,0.00,,3.00,2.00,0,1.00,,,2.00,1,3.00,2.00,,0.00,3.00,1,5.00,1,1.00,1,,2,3,5-15 yrs,5-15 yrs,2,2,2,2,5,0,39011,466,43.52,43.52,53.57,53.57,57.81,57.81,57.14,57.14,62.50,62.50
Malta,MLT,,,NAT_TOTAL,20211126,1.00,1,1.00,1,1.00,1,4.00,1,0.00,,0.00,,0.00,,3.00,2.00,0,1.00,,,2.00,1,3.00,2.00,,0.00,3.00,1,5.00,1,1.00,1,,2,3,5-15 yrs,5-15 yrs,2,2,2,2,5,0,39067,468,43.52,43.52,53.57,53.57,57.81,57.81,57.14,57.14,62.50,62.50
Malta,MLT,,,NAT_TOTAL,20211127,1.00,1,1.00,1,1.00,1,4.00,1,0.00,,0.00,,0.00,,3.00,2.00,0,1.00,,,2.00,1,3.00,2.00,,0.00,3.00,1,5.00,1,1.00,1,,2,3,5-15 yrs,5-15 yrs,2,2,2,2,5,0,39162,468,43.52,43.52,53.57,53.57,57.81,57.81,57.14,57.14,62.50,62.50
Malta,MLT,,,NAT_TOTAL,20211128,1.00,1,1.00,1,1.00,1,4.00,1,0.00,,0.00,,0.00,,3.00,2.00,0,1.00,,,2.00,1,3.00,2.00,,0.00,3.00,1,5.00,1,1.00,1,,2,3,5-15 yrs,5-15 yrs,2,2,2,2,5,0,39234,468,43.52,43.52,53.57,53.57,57.81,57.81,57.14,57.14,62.50,62.50
Malta,MLT,,,NAT_TOTAL,20211129,1.00,1,1.00,1,1.00,1,4.00,1,0.00,,0.00,,0.00,,3.00,2.00,0,1.00,,,2.00,1,3.00,2.00,,0.00,3.00,1,5.00,1,1.00,1,,2,3,5-15 yrs,5-15 yrs,2,2,2,2,5,0,39329,468,43.52,43.52,53.57,53.57,57.81,57.81,57.14,57.14,62.50,62.50
Malta,MLT,,,NAT_TOTAL,20211130,1.00,1,1.00,1,1.00,1,4.00,1,0.00,,0.00,,0.00,,3.00,2.00,0,1.00,,,2.00,1,3.00,2.00,,0.00,3.00,1,5.00,1,1.00,1,,2,3,5-15 yrs,5-15 yrs,2,2,2,2,5,0,39435,468,43.52,43.52,53.57,53.57,57.81,57.81,57.14,57.14,62.50,62.50
Malta,MLT,,,NAT_TOTAL,20211201,1.00,1,1.00,1,1.00,1,4.00,1,0.00,,0.00,,0.00,,3.00,2.00,0,1.00,,,2.00,1,3.00,2.00,,0.00,3.00,1,5.00,1,1.00,1,,2,3,5-15 yrs,5-15 yrs,2,2,2,2,5,0,39530,468,43.52,43.52,53.57,53.57,57.81,57.81,57.14,57.14,62.50,62.50
Malta,MLT,,,NAT_TOTAL,20211202,1.00,1,1.00,1,1.00,1,4.00,1,0.00,,0.00,,0.00,,3.00,2.00,0,1.00,,,2.00,1,3.00,2.00,,0.00,3.00,1,5.00,1,1.00,1,,2,3,5-15 yrs,5-15 yrs,2,2,2,2,5,0,39668,468,43.52,43.52,53.57,53.57,57.81,57.81,57.14,57.14,62.50,62.50
Malta,MLT,,,NAT_TOTAL,20211203,1.00,1,1.00,1,1.00,1,4.00,1,0.00,,0.00,,0.00,,3.00,2.00,0,1.00,,,2.00,1,3.00,2.00,,0.00,3.00,1,5.00,1,1.00,1,,2,3,5-15 yrs,5-15 yrs,2,2,2,2,5,0,39806,468,43.52,43.52,53.57,53.57,57.81,57.81,57.14,57.14,62.50,62.50
Malta,MLT,,,NAT_TOTAL,20211204,1.00,1,1.00,1,1.00,1,4.00,1,0.00,,0.00,,0.00,,3.00,2.00,0,1.00,,,2.00,1,3.00,2.00,,0.00,3.00,1,5.00,1,1.00,1,,2,3,5-15 yrs,5-15 yrs,2,2,2,2,5,0,39865,468,43.52,43.52,53.57,53.57,57.81,57.81,57.14,57.14,62.50,62.50
Malta,MLT,,,NAT_TOTAL,20211205,1.00,1,1.00,1,1.00,1,4.00,1,0.00,,0.00,,0.00,,3.00,2.00,0,1.00,,,2.00,1,3.00,2.00,,0.00,3.00,1,5.00,1,1.00,1,,2,3,5-15 yrs,5-15 yrs,2,2,2,2,5,0,39934,468,43.52,43.52,53.57,53.57,57.81,57.81,57.14,57.14,62.50,62.50
Malta,MLT,,,NAT_TOTAL,20211206,1.00,1,1.00,1,1.00,1,4.00,1,0.00,,0.00,,0.00,,3.00,2.00,0,1.00,,,2.00,1,3.00,2.00,,0.00,3.00,1,5.00,1,1.00,1,,2,3,5-15 yrs,5-15 yrs,2,2,2,2,5,0,40015,468,43.52,43.52,53.57,53.57,57.81,57.81,57.14,57.14,62.50,62.50
Malta,MLT,,,NAT_TOTAL,20211207,1.00,1,1.00,1,1.00,1,4.00,1,0.00,,0.00,,0.00,,3.00,2.00,0,1.00,,,2.00,1,3.00,2.00,,0.00,3.00,1,5.00,1,1.00,1,,2,3,5-15 yrs,5-15 yrs,2,2,2,2,5,0,40101,468,43.52,43.52,53.57,53.57,57.81,57.81,57.14,57.14,62.50,62.50
Malta,MLT,,,NAT_TOTAL,20211208,1.00,1,1.00,1,1.00,1,4.00,1,0.00,,0.00,,0.00,,3.00,2.00,0,1.00,,,2.00,1,3.00,2.00,,0.00,3.00,1,5.00,1,1.00,1,,2,3,5-15 yrs,5-15 yrs,2,2,2,2,5,0,40188,468,43.52,43.52,53.57,53.57,57.81,57.81,57.14,57.14,62.50,62.50
Malta,MLT,,,NAT_TOTAL,20211209,1.00,1,1.00,1,1.00,1,4.00,1,0.00,,0.00,,0.00,,3.00,2.00,0,1.00,,,2.00,1,3.00,2.00,,0.00,3.00,1,5.00,1,1.00,1,,2,3,5-15 yrs,5-15 yrs,2,2,2,2,5,0,40269,468,43.52,43.52,53.57,53.57,57.81,57.81,57.14,57.14,62.50,62.50
Malta,MLT,,,NAT_TOTAL,20211210,1.00,1,1.00,1,1.00,1,4.00,1,0.00,,0.00,,0.00,,3.00,2.00,0,1.00,,,2.00,1,3.00,2.00,,0.00,3.00,1,5.00,1,1.00,1,,2,3,5-15 yrs,5-15 yrs,2,2,2,2,5,0,40357,470,43.52,43.52,53.57,53.57,57.81,57.81,57.14,57.14,62.50,62.50
Malta,MLT,,,NAT_TOTAL,20211211,1.00,1,1.00,1,1.00,1,4.00,1,0.00,,0.00,,0.00,,3.00,2.00,0,1.00,,,2.00,1,3.00,2.00,,0.00,4.00,1,5.00,1,1.00,1,,2,3,5-15 yrs,5-15 yrs,2,2,2,2,5,0,40468,470,43.52,43.52,53.57,53.57,59.37,59.37,58.93,58.93,62.50,62.50
Malta,MLT,,,NAT_TOTAL,20211212,1.00,1,1.00,1,1.00,1,4.00,1,0.00,,0.00,,0.00,,3.00,2.00,0,1.00,,,2.00,1,3.00,2.00,,0.00,4.00,1,5.00,1,1.00,1,,2,3,5-15 yrs,5-15 yrs,2,2,2,2,5,0,40546,470,43.52,43.52,53.57,53.57,59.37,59.37,58.93,58.93,62.50,62.50
Malta,MLT,,,NAT_TOTAL,20211213,1.00,1,1.00,1,1.00,1,4.00,1,0.00,,0.00,,0.00,,3.00,2.00,0,1.00,,,2.00,1,3.00,2.00,,0.00,4.00,1,5.00,1,1.00,1,,2,3,5-15 yrs,5-15 yrs,2,2,2,2,5,0,40624,471,43.52,43.52,53.57,53.57,59.37,59.37,58.93,58.93,62.50,62.50
Malta,MLT,,,NAT_TOTAL,20211214,1.00,1,1.00,1,1.00,1,4.00,1,0.00,,0.00,,0.00,,3.00,2.00,0,1.00,,,2.00,1,3.00,2.00,,0.00,4.00,1,5.00,1,1.00,1,,2,3,5-15 yrs,5-15 yrs,2,2,2,2,5,0,40724,471,43.52,43.52,53.57,53.57,59.37,59.37,58.93,58.93,62.50,62.50
Malta,MLT,,,NAT_TOTAL,20211215,1.00,1,1.00,1,1.00,1,4.00,1,0.00,,0.00,,0.00,,3.00,2.00,0,1.00,,,2.00,1,3.00,2.00,,0.00,4.00,1,5.00,1,1.00,1,,2,3,5-15 yrs,5-15 yrs,2,2,2,2,5,0,40892,471,43.52,43.52,53.57,53.57,59.37,59.37,58.93,58.93,62.50,62.50
Malta,MLT,,,NAT_TOTAL,20211216,1.00,1,1.00,1,1.00,1,4.00,1,0.00,,0.00,,0.00,,3.00,2.00,0,1.00,,,2.00,1,3.00,2.00,,0.00,4.00,1,5.00,1,1.00,1,,2,3,5-15 yrs,5-15 yrs,2,2,2,2,5,0,41059,471,43.52,43.52,53.57,53.57,59.37,59.37,58.93,58.93,62.50,62.50
Malta,MLT,,,NAT_TOTAL,20211217,1.00,1,1.00,1,1.00,1,4.00,1,0.00,,0.00,,0.00,,3.00,2.00,0,1.00,,,2.00,1,3.00,2.00,,0.00,4.00,1,5.00,1,1.00,1,,2,3,5-15 yrs,5-15 yrs,2,2,2,2,5,0,41280,471,43.52,43.52,53.57,53.57,59.37,59.37,58.93,58.93,62.50,62.50
Malta,MLT,,,NAT_TOTAL,20211218,1.00,1,1.00,1,1.00,1,4.00,1,0.00,,0.00,,0.00,,3.00,2.00,0,1.00,,,2.00,1,3.00,2.00,,0.00,4.00,1,5.00,1,1.00,1,,2,3,5-15 yrs,5-15 yrs,2,2,2,2,5,0,41571,471,43.52,43.52,53.57,53.57,59.37,59.37,58.93,58.93,62.50,62.50
Malta,MLT,,,NAT_TOTAL,20211219,1.00,1,1.00,1,1.00,1,4.00,1,0.00,,0.00,,0.00,,3.00,2.00,0,1.00,,,2.00,1,3.00,2.00,,0.00,4.00,1,5.00,1,1.00,1,,2,3,5-15 yrs,5-15 yrs,2,2,2,2,5,0,41853,471,43.52,43.52,53.57,53.57,59.37,59.37,58.93,58.93,62.50,62.50
Malta,MLT,,,NAT_TOTAL,20211220,1.00,1,1.00,1,1.00,1,4.00,1,0.00,,0.00,,0.00,,3.00,2.00,0,1.00,,,2.00,1,3.00,2.00,,0.00,4.00,1,5.00,1,1.00,1,,2,3,5-15 yrs,5-15 yrs,2,2,2,2,5,0,42105,471,43.52,43.52,53.57,53.57,59.37,59.37,58.93,58.93,62.50,62.50
Malta,MLT,,,NAT_TOTAL,20211221,1.00,1,1.00,1,1.00,1,4.00,1,0.00,,0.00,,0.00,,3.00,2.00,0,1.00,,,2.00,1,3.00,2.00,,0.00,4.00,1,5.00,1,1.00,1,,2,3,5-15 yrs,5-15 yrs,2,2,2,2,5,0,42491,471,43.52,43.52,53.57,53.57,59.37,59.37,58.93,58.93,62.50,62.50
Malta,MLT,,,NAT_TOTAL,20211222,1.00,1,1.00,1,1.00,1,4.00,1,0.00,,0.00,,0.00,,3.00,2.00,0,1.00,,,2.00,1,3.00,2.00,,0.00,4.00,1,5.00,1,1.00,1,,2,3,5-15 yrs,5-15 yrs,2,2,2,2,5,0,43073,473,43.52,43.52,53.57,53.57,59.37,59.37,58.93,58.93,62.50,62.50
Malta,MLT,,,NAT_TOTAL,20211223,1.00,1,1.00,1,1.00,1,4.00,1,0.00,,0.00,,0.00,,3.00,2.00,0,1.00,,,2.00,1,3.00,2.00,,0.00,4.00,1,5.00,1,1.00,1,,2,3,5-15 yrs,5-15 yrs,2,2,2,2,5,0,43806,473,43.52,43.52,53.57,53.57,59.37,59.37,58.93,58.93,62.50,62.50
Malta,MLT,,,NAT_TOTAL,20211224,1.00,1,1.00,1,1.00,1,4.00,1,0.00,,0.00,,0.00,,3.00,2.00,0,1.00,,,2.00,1,3.00,2.00,,0.00,4.00,1,5.00,1,1.00,1,,2,3,5-15 yrs,5-15 yrs,2,2,2,2,5,0,44761,473,43.52,43.52,53.57,53.57,59.37,59.37,58.93,58.93,62.50,62.50
Malta,MLT,,,NAT_TOTAL,20211225,1.00,1,1.00,1,1.00,1,4.00,1,0.00,,0.00,,0.00,,3.00,2.00,0,1.00,,,2.00,1,3.00,2.00,,0.00,4.00,1,5.00,1,1.00,1,,2,3,5-15 yrs,5-15 yrs,2,2,2,2,5,0,45678,474,43.52,43.52,53.57,53.57,59.37,59.37,58.93,58.93,62.50,62.50
Malta,MLT,,,NAT_TOTAL,20211226,1.00,1,1.00,1,1.00,1,4.00,1,0.00,,0.00,,0.00,,3.00,2.00,0,1.00,,,2.00,1,3.00,2.00,,0.00,4.00,1,5.00,1,1.00,1,,2,3,5-15 yrs,5-15 yrs,2,2,2,2,5,0,46250,475,43.52,43.52,53.57,53.57,59.37,59.37,58.93,58.93,62.50,62.50
Malta,MLT,,,NAT_TOTAL,20211227,1.00,1,1.00,1,1.00,1,4.00,1,0.00,,0.00,,0.00,,3.00,2.00,0,1.00,,,2.00,1,3.00,2.00,,0.00,4.00,1,5.00,1,1.00,1,,2,3,5-15 yrs,5-15 yrs,2,2,2,2,5,0,47082,476,43.52,43.52,53.57,53.57,59.37,59.37,58.93,58.93,62.50,62.50
Malta,MLT,,,NAT_TOTAL,20211228,1.00,1,1.00,1,1.00,1,4.00,1,0.00,,0.00,,0.00,,3.00,2.00,0,1.00,,,2.00,1,3.00,2.00,,0.00,4.00,1,5.00,1,1.00,1,,2,3,5-15 yrs,5-15 yrs,2,2,2,2,5,0,48380,476,43.52,43.52,53.57,53.57,59.37,59.37,58.93,58.93,62.50,62.50
Malta,MLT,,,NAT_TOTAL,20211229,1.00,1,1.00,1,1.00,1,4.00,1,0.00,,0.00,,0.00,,3.00,2.00,0,1.00,,,2.00,1,3.00,2.00,,0.00,4.00,1,5.00,1,1.00,1,,2,3,5-15 yrs,5-15 yrs,2,2,2,2,5,0,49717,476,43.52,43.52,53.57,53.57,59.37,59.37,58.93,58.93,62.50,62.50
Malta,MLT,,,NAT_TOTAL,20211230,1.00,1,1.00,1,1.00,1,4.00,1,0.00,,0.00,,0.00,,3.00,2.00,0,1.00,,,2.00,1,3.00,2.00,,0.00,4.00,1,5.00,1,1.00,1,,2,3,5-15 yrs,5-15 yrs,2,2,2,2,5,0,51070,476,43.52,43.52,53.57,53.57,59.37,59.37,58.93,58.93,62.50,62.50
Malta,MLT,,,NAT_TOTAL,20211231,1.00,1,1.00,1,1.00,1,4.00,1,0.00,,0.00,,0.00,,3.00,2.00,0,1.00,,,2.00,1,3.00,2.00,,0.00,4.00,1,5.00,1,1.00,1,,2,3,5-15 yrs,5-15 yrs,2,2,2,2,5,0,52473,476,43.52,43.52,53.57,53.57,59.37,59.37,58.93,58.93,62.50,62.50
Malta,MLT,,,NAT_TOTAL,20220101,1.00,1,1.00,1,1.00,1,4.00,1,0.00,,0.00,,0.00,,3.00,2.00,0,0.00,,,2.00,1,3.00,2.00,,0.00,4.00,1,5.00,1,1.00,1,,2,3,5-15 yrs,5-15 yrs,2,2,2,2,5,0,53503,477,43.52,43.52,53.57,53.57,56.25,56.25,58.93,58.93,37.50,37.50
Malta,MLT,,,NAT_TOTAL,20220102,1.00,1,1.00,1,1.00,1,4.00,1,0.00,,0.00,,0.00,,3.00,2.00,0,0.00,,,2.00,1,3.00,2.00,,0.00,4.00,1,5.00,1,1.00,1,,2,3,5-15 yrs,5-15 yrs,2,2,2,2,5,0,54250,479,43.52,43.52,53.57,53.57,56.25,56.25,58.93,58.93,37.50,37.50
Malta,MLT,,,NAT_TOTAL,20220103,1.00,1,1.00,1,1.00,1,4.00,1,0.00,,0.00,,0.00,,3.00,2.00,0,0.00,,,2.00,1,3.00,2.00,,0.00,4.00,1,5.00,1,1.00,1,,2,3,5-15 yrs,5-15 yrs,2,2,2,2,5,0,55062,479,43.52,43.52,53.57,53.57,56.25,56.25,58.93,58.93,37.50,37.50
Malta,MLT,,,NAT_TOTAL,20220104,1.00,1,1.00,1,1.00,1,4.00,1,0.00,,0.00,,0.00,,3.00,2.00,0,0.00,,,2.00,1,3.00,2.00,,0.00,4.00,1,5.00,1,1.00,1,,2,3,5-15 yrs,5-15 yrs,2,2,2,2,5,0,56209,479,43.52,43.52,53.57,53.57,56.25,56.25,58.93,58.93,37.50,37.50
Malta,MLT,,,NAT_TOTAL,20220105,1.00,1,1.00,1,1.00,1,4.00,1,0.00,,0.00,,0.00,,3.00,2.00,0,0.00,,,2.00,1,3.00,2.00,,0.00,4.00,1,5.00,1,1.00,1,,2,3,5-15 yrs,5-15 yrs,2,2,2,2,5,0,57131,482,43.52,43.52,53.57,53.57,56.25,56.25,58.93,58.93,37.50,37.50
Malta,MLT,,,NAT_TOTAL,20220106,1.00,1,1.00,1,1.00,1,4.00,1,0.00,,0.00,,0.00,,3.00,2.00,0,0.00,,,2.00,1,3.00,2.00,,0.00,4.00,1,5.00,1,1.00,1,,2,3,5-15 yrs,5-15 yrs,2,2,2,2,5,0,58275,484,43.52,43.52,53.57,53.57,56.25,56.25,58.93,58.93,37.50,37.50
Malta,MLT,,,NAT_TOTAL,20220107,1.00,1,1.00,1,1.00,1,4.00,1,0.00,,0.00,,0.00,,3.00,2.00,0,0.00,,,2.00,1,3.00,2.00,,0.00,4.00,1,5.00,1,1.00,1,,2,3,5-15 yrs,5-15 yrs,2,2,2,2,5,0,59061,485,43.52,43.52,53.57,53.57,56.25,56.25,58.93,58.93,37.50,37.50
Malta,MLT,,,NAT_TOTAL,20220108,1.00,1,1.00,1,1.00,1,4.00,1,0.00,,0.00,,0.00,,3.00,2.00,0,0.00,,,2.00,1,3.00,2.00,,0.00,4.00,1,5.00,1,1.00,1,,2,3,5-15 yrs,5-15 yrs,2,2,2,2,5,0,59823,487,43.52,43.52,53.57,53.57,56.25,56.25,58.93,58.93,37.50,37.50
Malta,MLT,,,NAT_TOTAL,20220109,1.00,1,1.00,1,1.00,1,4.00,1,0.00,,0.00,,0.00,,3.00,2.00,0,0.00,,,2.00,1,3.00,2.00,,0.00,4.00,1,5.00,1,1.00,1,,2,3,5-15 yrs,5-15 yrs,2,2,2,2,5,0,60386,487,43.52,43.52,53.57,53.57,56.25,56.25,58.93,58.93,37.50,37.50
Malta,MLT,,,NAT_TOTAL,20220110,1.00,1,1.00,1,1.00,1,4.00,1,0.00,,0.00,,0.00,,3.00,2.00,0,0.00,,,2.00,1,3.00,2.00,,0.00,4.00,1,5.00,1,1.00,1,,2,3,5-15 yrs,5-15 yrs,2,2,2,2,5,0,60823,488,43.52,43.52,53.57,53.57,56.25,56.25,58.93,58.93,37.50,37.50
Malta,MLT,,,NAT_TOTAL,20220111,1.00,1,1.00,1,1.00,1,4.00,1,0.00,,0.00,,0.00,,3.00,2.00,0,0.00,,,2.00,1,3.00,2.00,,0.00,4.00,1,5.00,1,1.00,1,,2,3,5-15 yrs,5-15 yrs,2,2,2,2,5,0,61255,492,43.52,43.52,53.57,53.57,56.25,56.25,58.93,58.93,37.50,37.50
Malta,MLT,,,NAT_TOTAL,20220112,1.00,1,1.00,1,1.00,1,4.00,1,0.00,,0.00,,0.00,,3.00,2.00,0,0.00,,,2.00,1,3.00,2.00,,0.00,4.00,1,5.00,1,1.00,1,,2,3,5-15 yrs,5-15 yrs,2,2,2,2,5,0,61928,496,43.52,43.52,53.57,53.57,56.25,56.25,58.93,58.93,37.50,37.50
Malta,MLT,,,NAT_TOTAL,20220113,1.00,1,1.00,1,1.00,1,4.00,1,0.00,,0.00,,0.00,,3.00,2.00,0,0.00,,,2.00,1,3.00,2.00,,0.00,4.00,1,5.00,1,1.00,1,,2,3,5-15 yrs,5-15 yrs,2,2,2,2,5,0,62390,496,43.52,43.52,53.57,53.57,56.25,56.25,58.93,58.93,37.50,37.50
Malta,MLT,,,NAT_TOTAL,20220114,1.00,1,1.00,1,1.00,1,4.00,1,0.00,,0.00,,0.00,,3.00,2.00,0,0.00,,,2.00,1,3.00,2.00,,0.00,4.00,1,5.00,1,1.00,1,,2,3,5-15 yrs,5-15 yrs,2,2,2,2,5,0,62906,501,43.52,43.52,53.57,53.57,56.25,56.25,58.93,58.93,37.50,37.50
Malta,MLT,,,NAT_TOTAL,20220115,1.00,1,1.00,1,1.00,1,4.00,1,0.00,,0.00,,0.00,,3.00,2.00,0,0.00,,,2.00,1,3.00,2.00,,0.00,4.00,1,5.00,1,1.00,1,,2,3,5-15 yrs,5-15 yrs,2,2,2,2,5,0,63409,504,43.52,43.52,53.57,53.57,56.25,56.25,58.93,58.93,37.50,37.50
Malta,MLT,,,NAT_TOTAL,20220116,1.00,1,1.00,1,1.00,1,4.00,1,0.00,,0.00,,0.00,,3.00,2.00,0,0.00,,,2.00,1,3.00,2.00,,0.00,4.00,1,5.00,1,1.00,1,,2,3,5-15 yrs,5-15 yrs,2,2,2,2,5,0,63710,506,43.52,43.52,53.57,53.57,56.25,56.25,58.93,58.93,37.50,37.50
Malta,MLT,,,NAT_TOTAL,20220117,1.00,1,3.00,1,2.00,1,4.00,1,0.00,,0.00,,0.00,,3.00,2.00,0,0.00,,,2.00,1,3.00,2.00,,0.00,4.00,1,5.00,1,1.00,1,,2,3,5-15 yrs,5-15 yrs,2,2,2,2,5,0,63998,506,56.48,56.48,60.71,60.71,63.54,63.54,67.26,67.26,37.50,37.50
Malta,MLT,,,NAT_TOTAL,20220118,1.00,1,3.00,1,2.00,1,4.00,1,0.00,,0.00,,0.00,,3.00,2.00,0,0.00,,,2.00,1,3.00,2.00,,0.00,4.00,1,5.00,1,1.00,1,,2,3,5-15 yrs,5-15 yrs,2,2,2,2,5,0,64377,509,56.48,56.48,60.71,60.71,63.54,63.54,67.26,67.26,37.50,37.50
Malta,MLT,,,NAT_TOTAL,20220119,1.00,1,3.00,1,2.00,1,4.00,1,0.00,,0.00,,0.00,,3.00,2.00,0,0.00,,,2.00,1,3.00,2.00,,0.00,4.00,1,5.00,1,1.00,1,,2,3,5-15 yrs,5-15 yrs,2,2,2,2,5,0,64719,514,56.48,56.48,60.71,60.71,63.54,63.54,67.26,67.26,37.50,37.50
Malta,MLT,,,NAT_TOTAL,20220120,1.00,1,3.00,1,2.00,1,4.00,1,0.00,,0.00,,0.00,,3.00,2.00,0,0.00,,,2.00,1,3.00,2.00,,0.00,4.00,1,5.00,1,1.00,1,,2,3,5-15 yrs,5-15 yrs,2,2,2,2,5,0,65005,520,56.48,56.48,60.71,60.71,63.54,63.54,67.26,67.26,37.50,37.50
Malta,MLT,,,NAT_TOTAL,20220121,1.00,1,3.00,1,2.00,1,4.00,1,0.00,,0.00,,0.00,,3.00,2.00,0,0.00,,,2.00,1,3.00,2.00,,0.00,4.00,1,5.00,1,1.00,1,,2,3,5-15 yrs,5-15 yrs,2,2,2,2,5,0,65311,521,56.48,56.48,60.71,60.71,63.54,63.54,67.26,67.26,37.50,37.50
Malta,MLT,,,NAT_TOTAL,20220122,1.00,1,3.00,1,2.00,1,4.00,1,0.00,,0.00,,0.00,,3.00,2.00,0,0.00,,,2.00,1,3.00,2.00,,0.00,4.00,1,5.00,1,1.00,1,,2,3,5-15 yrs,5-15 yrs,2,2,2,2,5,0,65596,525,56.48,56.48,60.71,60.71,63.54,63.54,67.26,67.26,37.50,37.50
Malta,MLT,,,NAT_TOTAL,20220123,1.00,1,3.00,1,2.00,1,4.00,1,0.00,,0.00,,0.00,,3.00,2.00,0,0.00,,,2.00,1,3.00,2.00,,0.00,4.00,1,5.00,1,1.00,1,,2,3,5-15 yrs,5-15 yrs,2,2,2,2,5,0,65869,532,56.48,56.48,60.71,60.71,63.54,63.54,67.26,67.26,37.50,37.50
Malta,MLT,,,NAT_TOTAL,20220124,1.00,1,3.00,1,2.00,1,4.00,1,0.00,,0.00,,0.00,,3.00,2.00,0,0.00,,,2.00,1,3.00,2.00,,0.00,4.00,1,5.00,1,1.00,1,,2,3,5-15 yrs,5-15 yrs,2,2,2,2,5,0,66071,534,56.48,56.48,60.71,60.71,63.54,63.54,67.26,67.26,37.50,37.50
Malta,MLT,,,NAT_TOTAL,20220125,1.00,1,3.00,1,2.00,1,4.00,1,0.00,,0.00,,0.00,,3.00,2.00,0,0.00,,,2.00,1,3.00,2.00,,0.00,4.00,1,5.00,1,1.00,1,,2,3,5-15 yrs,5-15 yrs,2,2,2,2,5,0,66394,536,56.48,56.48,60.71,60.71,63.54,63.54,67.26,67.26,37.50,37.50
Malta,MLT,,,NAT_TOTAL,20220126,1.00,1,3.00,1,2.00,1,4.00,1,0.00,,0.00,,0.00,,3.00,2.00,0,0.00,,,2.00,1,3.00,2.00,,0.00,4.00,1,5.00,1,1.00,1,,2,3,5-15 yrs,5-15 yrs,2,2,2,2,5,0,66708,538,56.48,56.48,60.71,60.71,63.54,63.54,67.26,67.26,37.50,37.50
Malta,MLT,,,NAT_TOTAL,20220127,1.00,1,3.00,1,2.00,1,4.00,1,0.00,,0.00,,0.00,,3.00,2.00,0,0.00,,,2.00,1,3.00,2.00,,0.00,4.00,1,5.00,1,1.00,1,,2,3,5-15 yrs,5-15 yrs,2,2,2,2,5,0,66938,541,56.48,56.48,60.71,60.71,63.54,63.54,67.26,67.26,37.50,37.50
Malta,MLT,,,NAT_TOTAL,20220128,1.00,1,3.00,1,2.00,1,4.00,1,0.00,,0.00,,0.00,,3.00,2.00,0,0.00,,,2.00,1,3.00,2.00,,0.00,4.00,1,5.00,1,1.00,1,,2,3,5-15 yrs,5-15 yrs,2,2,2,2,5,0,67167,544,56.48,56.48,60.71,60.71,63.54,63.54,67.26,67.26,37.50,37.50
Malta,MLT,,,NAT_TOTAL,20220129,1.00,1,3.00,1,2.00,1,4.00,1,0.00,,0.00,,0.00,,3.00,2.00,0,0.00,,,2.00,1,3.00,2.00,,0.00,4.00,1,5.00,1,1.00,1,,2,3,5-15 yrs,5-15 yrs,2,2,2,2,5,0,67357,545,56.48,56.48,60.71,60.71,63.54,63.54,67.26,67.26,37.50,37.50
Malta,MLT,,,NAT_TOTAL,20220130,1.00,1,3.00,1,2.00,1,4.00,1,0.00,,0.00,,0.00,,3.00,2.00,0,0.00,,,2.00,1,3.00,2.00,,0.00,4.00,1,5.00,1,1.00,1,,2,3,5-15 yrs,5-15 yrs,2,2,2,2,5,0,67548,547,56.48,56.48,60.71,60.71,63.54,63.54,67.26,67.26,37.50,37.50
Malta,MLT,,,NAT_TOTAL,20220131,1.00,1,3.00,1,2.00,1,4.00,1,0.00,,0.00,,0.00,,3.00,2.00,0,0.00,,,2.00,1,3.00,2.00,,0.00,4.00,1,5.00,1,1.00,1,,2,3,5-15 yrs,5-15 yrs,2,2,2,2,5,0,67717,550,56.48,56.48,60.71,60.71,63.54,63.54,67.26,67.26,37.50,37.50
Malta,MLT,,,NAT_TOTAL,20220201,1.00,1,3.00,1,2.00,1,4.00,1,0.00,,0.00,,0.00,,3.00,2.00,0,0.00,,,2.00,1,3.00,2.00,,0.00,4.00,1,5.00,1,1.00,1,,2,3,5-15 yrs,5-15 yrs,2,2,2,2,5,0,67966,551,56.48,56.48,60.71,60.71,63.54,63.54,67.26,67.26,37.50,37.50
Malta,MLT,,,NAT_TOTAL,20220202,1.00,1,3.00,1,2.00,1,4.00,1,0.00,,0.00,,0.00,,3.00,2.00,0,0.00,,,2.00,1,3.00,2.00,,0.00,4.00,1,5.00,1,1.00,1,,2,3,5-15 yrs,5-15 yrs,2,2,2,2,5,0,68193,556,56.48,56.48,60.71,60.71,63.54,63.54,67.26,67.26,37.50,37.50
Malta,MLT,,,NAT_TOTAL,20220203,1.00,1,3.00,1,2.00,1,4.00,1,0.00,,0.00,,0.00,,3.00,2.00,0,0.00,,,2.00,1,3.00,2.00,,0.00,4.00,1,5.00,1,1.00,1,,2,3,5-15 yrs,5-15 yrs,2,2,2,2,5,0,68433,559,56.48,56.48,60.71,60.71,63.54,63.54,67.26,67.26,37.50,37.50
Malta,MLT,,,NAT_TOTAL,20220204,1.00,1,3.00,1,2.00,1,4.00,1,0.00,,0.00,,0.00,,3.00,2.00,0,0.00,,,2.00,1,3.00,2.00,,0.00,4.00,1,5.00,1,1.00,1,,2,3,5-15 yrs,5-15 yrs,2,2,2,2,5,0,68647,560,56.48,56.48,60.71,60.71,63.54,63.54,67.26,67.26,37.50,37.50
Malta,MLT,,,NAT_TOTAL,20220205,1.00,1,3.00,1,2.00,1,4.00,1,0.00,,0.00,,0.00,,3.00,2.00,0,0.00,,,2.00,1,3.00,2.00,,0.00,4.00,1,5.00,1,1.00,1,,2,3,5-15 yrs,5-15 yrs,2,2,2,2,5,0,68842,565,56.48,56.48,60.71,60.71,63.54,63.54,67.26,67.26,37.50,37.50
Malta,MLT,,,NAT_TOTAL,20220206,1.00,1,3.00,1,2.00,1,4.00,1,0.00,,0.00,,0.00,,3.00,2.00,0,0.00,,,2.00,1,3.00,2.00,,0.00,4.00,1,5.00,1,1.00,1,,2,3,5-15 yrs,5-15 yrs,2,2,2,2,5,0,69000,569,56.48,56.48,60.71,60.71,63.54,63.54,67.26,67.26,37.50,37.50
Malta,MLT,,,NAT_TOTAL,20220207,1.00,1,2.00,1,2.00,1,4.00,1,0.00,,0.00,,0.00,,3.00,2.00,0,0.00,,,2.00,1,3.00,2.00,,0.00,4.00,1,5.00,1,1.00,1,,2,3,5-15 yrs,5-15 yrs,2,2,2,2,5,0,69175,570,52.78,52.78,57.14,57.14,61.46,61.46,64.88,64.88,37.50,37.50
Malta,MLT,,,NAT_TOTAL,20220208,1.00,1,2.00,1,2.00,1,4.00,1,0.00,,0.00,,0.00,,3.00,2.00,0,0.00,,,2.00,1,3.00,2.00,,0.00,4.00,1,5.00,1,1.00,1,,2,3,5-15 yrs,5-15 yrs,2,2,2,2,5,0,69361,570,52.78,52.78,57.14,57.14,61.46,61.46,64.88,64.88,37.50,37.50
Malta,MLT,,,NAT_TOTAL,20220209,1.00,1,2.00,1,2.00,1,4.00,1,0.00,,0.00,,0.00,,3.00,2.00,0,0.00,,,2.00,1,3.00,2.00,,0.00,4.00,1,5.00,1,1.00,1,,2,3,5-15 yrs,5-15 yrs,2,2,2,2,5,0,69533,572,52.78,52.78,57.14,57.14,61.46,61.46,64.88,64.88,37.50,37.50
Malta,MLT,,,NAT_TOTAL,20220210,1.00,1,2.00,1,2.00,1,4.00,1,0.00,,0.00,,0.00,,3.00,2.00,0,0.00,,,2.00,1,3.00,2.00,,0.00,4.00,1,5.00,1,1.00,1,,2,3,5-15 yrs,5-15 yrs,2,2,2,2,5,0,69651,576,52.78,52.78,57.14,57.14,61.46,61.46,64.88,64.88,37.50,37.50
Malta,MLT,,,NAT_TOTAL,20220211,1.00,1,2.00,1,2.00,1,4.00,1,0.00,,0.00,,0.00,,3.00,2.00,0,0.00,,,2.00,1,3.00,2.00,,0.00,4.00,1,5.00,1,1.00,1,,2,3,5-15 yrs,5-15 yrs,2,2,2,2,5,0,69794,579,52.78,52.78,57.14,57.14,61.46,61.46,64.88,64.88,37.50,37.50
Malta,MLT,,,NAT_TOTAL,20220212,1.00,1,2.00,1,2.00,1,4.00,1,0.00,,0.00,,0.00,,3.00,2.00,0,0.00,,,2.00,1,3.00,2.00,,0.00,4.00,1,5.00,1,1.00,1,,2,3,5-15 yrs,5-15 yrs,2,2,2,2,5,0,69901,585,52.78,52.78,57.14,57.14,61.46,61.46,64.88,64.88,37.50,37.50
Malta,MLT,,,NAT_TOTAL,20220213,1.00,1,2.00,1,2.00,1,4.00,1,0.00,,0.00,,0.00,,3.00,2.00,0,0.00,,,2.00,1,3.00,2.00,,0.00,4.00,1,5.00,1,1.00,1,,2,3,5-15 yrs,5-15 yrs,2,2,2,2,5,0,70017,589,52.78,52.78,57.14,57.14,61.46,61.46,64.88,64.88,37.50,37.50
Malta,MLT,,,NAT_TOTAL,20220214,1.00,1,2.00,1,2.00,1,4.00,1,0.00,,0.00,,0.00,,3.00,2.00,0,0.00,,,2.00,1,3.00,2.00,,0.00,4.00,1,5.00,1,1.00,1,,2,3,5-15 yrs,5-15 yrs,2,2,2,2,5,0,70089,592,52.78,52.78,57.14,57.14,61.46,61.46,64.88,64.88,37.50,37.50
Malta,MLT,,,NAT_TOTAL,20220215,1.00,1,2.00,1,2.00,1,4.00,1,0.00,,0.00,,0.00,,3.00,2.00,0,0.00,,,2.00,1,3.00,2.00,,0.00,4.00,1,5.00,1,1.00,1,,2,3,5-15 yrs,5-15 yrs,2,2,2,2,5,0,70211,593,52.78,52.78,57.14,57.14,61.46,61.46,64.88,64.88,37.50,37.50
Malta,MLT,,,NAT_TOTAL,20220216,1.00,1,2.00,1,2.00,1,4.00,1,0.00,,0.00,,0.00,,3.00,2.00,0,0.00,,,2.00,1,3.00,2.00,,0.00,4.00,1,5.00,1,1.00,1,,2,3,5-15 yrs,5-15 yrs,2,2,2,2,5,0,70328,594,52.78,52.78,57.14,57.14,61.46,61.46,64.88,64.88,37.50,37.50
Malta,MLT,,,NAT_TOTAL,20220217,1.00,1,2.00,1,2.00,1,4.00,1,0.00,,0.00,,0.00,,3.00,2.00,0,0.00,,,2.00,1,3.00,2.00,,0.00,4.00,1,5.00,1,1.00,1,,2,3,5-15 yrs,5-15 yrs,2,2,2,2,5,0,70437,594,52.78,52.78,57.14,57.14,61.46,61.46,64.88,64.88,37.50,37.50
Malta,MLT,,,NAT_TOTAL,20220218,1.00,1,2.00,1,2.00,1,4.00,1,0.00,,0.00,,0.00,,3.00,2.00,0,0.00,,,2.00,1,3.00,2.00,,0.00,4.00,1,5.00,1,1.00,1,,2,3,5-15 yrs,5-15 yrs,2,2,2,2,5,0,70516,594,52.78,52.78,57.14,57.14,61.46,61.46,64.88,64.88,37.50,37.50
Malta,MLT,,,NAT_TOTAL,20220219,1.00,1,2.00,1,2.00,1,4.00,1,0.00,,0.00,,0.00,,3.00,2.00,0,0.00,,,2.00,1,3.00,2.00,,0.00,4.00,1,5.00,1,1.00,1,,2,3,5-15 yrs,5-15 yrs,2,2,2,2,5,0,70588,594,52.78,52.78,57.14,57.14,61.46,61.46,64.88,64.88,37.50,37.50
Malta,MLT,,,NAT_TOTAL,20220220,1.00,1,2.00,1,2.00,1,4.00,1,0.00,,0.00,,0.00,,3.00,2.00,0,0.00,,,2.00,1,3.00,2.00,,0.00,4.00,1,5.00,1,1.00,1,,2,3,5-15 yrs,5-15 yrs,2,2,2,2,5,0,70665,596,52.78,52.78,57.14,57.14,61.46,61.46,64.88,64.88,37.50,37.50
Malta,MLT,,,NAT_TOTAL,20220221,1.00,1,2.00,1,2.00,1,4.00,1,0.00,,0.00,,0.00,,3.00,2.00,0,0.00,,,2.00,1,3.00,2.00,,0.00,4.00,1,5.00,1,1.00,1,,2,3,5-15 yrs,5-15 yrs,2,2,2,2,5,0,70739,598,52.78,52.78,57.14,57.14,61.46,61.46,64.88,64.88,37.50,37.50
Malta,MLT,,,NAT_TOTAL,20220222,1.00,1,2.00,1,2.00,1,4.00,1,0.00,,0.00,,0.00,,3.00,2.00,0,0.00,,,2.00,1,3.00,2.00,,0.00,4.00,1,5.00,1,1.00,1,,2,3,5-15 yrs,5-15 yrs,2,2,2,2,5,0,70829,599,52.78,52.78,57.14,57.14,61.46,61.46,64.88,64.88,37.50,37.50
Malta,MLT,,,NAT_TOTAL,20220223,1.00,1,2.00,1,2.00,1,4.00,1,0.00,,0.00,,0.00,,3.00,2.00,0,0.00,,,2.00,1,3.00,2.00,,0.00,4.00,1,5.00,1,1.00,1,,2,3,5-15 yrs,5-15 yrs,2,2,2,2,5,0,70908,601,52.78,52.78,57.14,57.14,61.46,61.46,64.88,64.88,37.50,37.50
Malta,MLT,,,NAT_TOTAL,20220224,1.00,1,2.00,1,2.00,1,4.00,1,0.00,,0.00,,0.00,,3.00,2.00,0,0.00,,,2.00,1,3.00,2.00,,0.00,4.00,1,5.00,1,1.00,1,,2,3,5-15 yrs,5-15 yrs,2,2,2,2,5,0,71003,601,52.78,52.78,57.14,57.14,61.46,61.46,64.88,64.88,37.50,37.50
Malta,MLT,,,NAT_TOTAL,20220225,1.00,1,2.00,1,2.00,1,4.00,1,0.00,,0.00,,0.00,,3.00,2.00,0,0.00,,,2.00,1,3.00,2.00,,0.00,4.00,1,5.00,1,1.00,1,,2,3,5-15 yrs,5-15 yrs,2,2,2,2,5,0,71083,601,52.78,52.78,57.14,57.14,61.46,61.46,64.88,64.88,37.50,37.50
Malta,MLT,,,NAT_TOTAL,20220226,1.00,1,2.00,1,2.00,1,4.00,1,0.00,,0.00,,0.00,,3.00,2.00,0,0.00,,,2.00,1,3.00,2.00,,0.00,4.00,1,5.00,1,1.00,1,,2,3,5-15 yrs,5-15 yrs,2,2,2,2,5,0,71179,602,52.78,52.78,57.14,57.14,61.46,61.46,64.88,64.88,37.50,37.50
Malta,MLT,,,NAT_TOTAL,20220227,1.00,1,2.00,1,2.00,1,4.00,1,0.00,,0.00,,0.00,,3.00,2.00,0,0.00,,,2.00,1,3.00,2.00,,0.00,4.00,1,5.00,1,1.00,1,,2,3,5-15 yrs,5-15 yrs,2,2,2,2,5,0,71235,604,52.78,52.78,57.14,57.14,61.46,61.46,64.88,64.88,37.50,37.50
Malta,MLT,,,NAT_TOTAL,20220228,1.00,1,2.00,1,2.00,1,4.00,1,0.00,,0.00,,0.00,,3.00,2.00,0,0.00,,,2.00,1,3.00,2.00,,0.00,4.00,1,5.00,1,1.00,1,,2,3,5-15 yrs,5-15 yrs,2,2,2,2,5,0,71275,605,52.78,52.78,57.14,57.14,61.46,61.46,64.88,64.88,37.50,37.50
Malta,MLT,,,NAT_TOTAL,20220301,1.00,1,2.00,1,2.00,1,4.00,1,0.00,,0.00,,0.00,,3.00,2.00,0,0.00,,,2.00,1,3.00,2.00,,0.00,4.00,1,5.00,1,1.00,1,,2,3,5-15 yrs,5-15 yrs,2,2,2,2,5,0,71361,605,52.78,52.78,57.14,57.14,61.46,61.46,64.88,64.88,37.50,37.50
Malta,MLT,,,NAT_TOTAL,20220302,1.00,1,2.00,1,2.00,1,4.00,1,0.00,,0.00,,0.00,,3.00,2.00,0,0.00,,,2.00,1,3.00,2.00,,0.00,4.00,1,5.00,1,1.00,1,,2,3,5-15 yrs,5-15 yrs,2,2,2,2,5,0,71455,606,52.78,52.78,57.14,57.14,61.46,61.46,64.88,64.88,37.50,37.50
Malta,MLT,,,NAT_TOTAL,20220303,1.00,1,2.00,1,2.00,1,4.00,1,0.00,,0.00,,0.00,,3.00,2.00,0,0.00,,,2.00,1,3.00,2.00,,0.00,4.00,1,5.00,1,1.00,1,,2,3,5-15 yrs,5-15 yrs,2,2,2,2,5,0,71581,607,52.78,52.78,57.14,57.14,61.46,61.46,64.88,64.88,37.50,37.50
Malta,MLT,,,NAT_TOTAL,20220304,1.00,1,2.00,1,2.00,1,4.00,1,0.00,,0.00,,0.00,,3.00,2.00,0,0.00,,,2.00,1,3.00,2.00,,0.00,4.00,1,5.00,1,1.00,1,,2,3,5-15 yrs,5-15 yrs,2,2,2,2,5,0,71679,607,52.78,52.78,57.14,57.14,61.46,61.46,64.88,64.88,37.50,37.50
Malta,MLT,,,NAT_TOTAL,20220305,1.00,1,2.00,1,2.00,1,4.00,1,0.00,,0.00,,0.00,,3.00,2.00,0,0.00,,,2.00,1,3.00,2.00,,0.00,4.00,1,5.00,1,1.00,1,,2,3,5-15 yrs,5-15 yrs,2,2,2,2,5,0,71800,608,52.78,52.78,57.14,57.14,61.46,61.46,64.88,64.88,37.50,37.50
Malta,MLT,,,NAT_TOTAL,20220306,1.00,1,2.00,1,2.00,1,4.00,1,0.00,,0.00,,0.00,,3.00,2.00,0,0.00,,,2.00,1,3.00,2.00,,0.00,4.00,1,5.00,1,1.00,1,,2,3,5-15 yrs,5-15 yrs,2,2,2,2,5,0,71899,608,52.78,52.78,57.14,57.14,61.46,61.46,64.88,64.88,37.50,37.50
Malta,MLT,,,NAT_TOTAL,20220307,1.00,1,2.00,1,2.00,1,4.00,1,0.00,,0.00,,0.00,,3.00,2.00,0,0.00,,,2.00,1,3.00,2.00,,0.00,4.00,1,5.00,1,1.00,1,,2,3,5-15 yrs,5-15 yrs,2,2,2,2,5,0,71971,609,52.78,52.78,57.14,57.14,61.46,61.46,64.88,64.88,37.50,37.50
Malta,MLT,,,NAT_TOTAL,20220308,1.00,1,2.00,1,2.00,1,4.00,1,0.00,,0.00,,0.00,,3.00,2.00,0,0.00,,,2.00,1,3.00,2.00,,0.00,4.00,1,5.00,1,1.00,1,,2,3,5-15 yrs,5-15 yrs,2,2,2,2,5,0,72130,610,52.78,52.78,57.14,57.14,61.46,61.46,64.88,64.88,37.50,37.50
Malta,MLT,,,NAT_TOTAL,20220309,1.00,1,2.00,1,2.00,1,4.00,1,0.00,,0.00,,0.00,,3.00,2.00,0,0.00,,,2.00,1,3.00,2.00,,0.00,4.00,1,5.00,1,1.00,1,,2,3,5-15 yrs,5-15 yrs,2,2,2,2,5,0,72268,612,52.78,52.78,57.14,57.14,61.46,61.46,64.88,64.88,37.50,37.50
Malta,MLT,,,NAT_TOTAL,20220310,1.00,1,2.00,1,2.00,1,4.00,1,0.00,,0.00,,0.00,,3.00,2.00,0,0.00,,,2.00,1,3.00,2.00,,0.00,4.00,1,5.00,1,1.00,1,,2,3,5-15 yrs,5-15 yrs,2,2,2,2,5,0,72421,613,52.78,52.78,57.14,57.14,61.46,61.46,64.88,64.88,37.50,37.50
Malta,MLT,,,NAT_TOTAL,20220311,1.00,1,2.00,1,2.00,1,4.00,1,0.00,,0.00,,0.00,,3.00,2.00,0,0.00,,,2.00,1,3.00,2.00,,0.00,4.00,1,5.00,1,1.00,1,,2,3,5-15 yrs,5-15 yrs,2,2,2,2,5,0,72560,613,52.78,52.78,57.14,57.14,61.46,61.46,64.88,64.88,37.50,37.50
Malta,MLT,,,NAT_TOTAL,20220312,1.00,1,2.00,1,2.00,1,4.00,1,0.00,,0.00,,0.00,,3.00,2.00,0,0.00,,,2.00,1,3.00,2.00,,0.00,4.00,1,5.00,1,1.00,1,,2,3,5-15 yrs,5-15 yrs,2,2,2,2,5,0,72687,614,52.78,52.78,57.14,57.14,61.46,61.46,64.88,64.88,37.50,37.50
Malta,MLT,,,NAT_TOTAL,20220313,1.00,1,2.00,1,2.00,1,4.00,1,0.00,,0.00,,0.00,,3.00,2.00,0,0.00,,,2.00,1,3.00,2.00,,0.00,4.00,1,5.00,1,1.00,1,,2,3,5-15 yrs,5-15 yrs,2,2,2,2,5,0,72858,614,52.78,52.78,57.14,57.14,61.46,61.46,64.88,64.88,37.50,37.50
Malta,MLT,,,NAT_TOTAL,20220314,1.00,1,2.00,1,2.00,1,4.00,1,0.00,,0.00,,0.00,,3.00,2.00,0,0.00,,,2.00,1,3.00,2.00,,0.00,3.00,1,5.00,1,1.00,1,,2,3,5-15 yrs,5-15 yrs,2,2,2,2,5,0,73001,615,52.78,52.78,57.14,57.14,59.90,59.90,63.10,63.10,37.50,37.50
Malta,MLT,,,NAT_TOTAL,20220315,1.00,1,2.00,1,2.00,1,4.00,1,0.00,,0.00,,0.00,,3.00,2.00,0,0.00,,,2.00,1,3.00,2.00,,0.00,3.00,1,5.00,1,1.00,1,,2,3,5-15 yrs,5-15 yrs,2,2,2,2,5,0,73195,617,52.78,52.78,57.14,57.14,59.90,59.90,63.10,63.10,37.50,37.50
Malta,MLT,,,NAT_TOTAL,20220316,1.00,1,2.00,1,2.00,1,4.00,1,0.00,,0.00,,0.00,,3.00,2.00,0,0.00,,,2.00,1,3.00,2.00,,0.00,3.00,1,5.00,1,1.00,1,,2,3,5-15 yrs,5-15 yrs,2,2,2,2,5,0,73424,618,52.78,52.78,57.14,57.14,59.90,59.90,63.10,63.10,37.50,37.50
Malta,MLT,,,NAT_TOTAL,20220317,1.00,1,2.00,1,2.00,1,4.00,1,0.00,,0.00,,0.00,,3.00,2.00,0,0.00,,,2.00,1,3.00,2.00,,0.00,3.00,1,5.00,1,1.00,1,,2,3,5-15 yrs,5-15 yrs,2,2,2,2,5,0,73728,619,52.78,52.78,57.14,57.14,59.90,59.90,63.10,63.10,37.50,37.50
Malta,MLT,,,NAT_TOTAL,20220318,1.00,1,2.00,1,2.00,1,4.00,1,0.00,,0.00,,0.00,,3.00,2.00,0,0.00,,,2.00,1,3.00,2.00,,0.00,3.00,1,5.00,1,1.00,1,,2,3,5-15 yrs,5-15 yrs,2,2,2,2,5,0,74029,621,52.78,52.78,57.14,57.14,59.90,59.90,63.10,63.10,37.50,37.50
Malta,MLT,,,NAT_TOTAL,20220319,1.00,1,2.00,1,2.00,1,4.00,1,0.00,,0.00,,0.00,,3.00,2.00,0,0.00,,,2.00,1,3.00,2.00,,0.00,3.00,1,5.00,1,1.00,1,,2,3,5-15 yrs,5-15 yrs,2,2,2,2,5,0,74315,621,52.78,52.78,57.14,57.14,59.90,59.90,63.10,63.10,37.50,37.50
Malta,MLT,,,NAT_TOTAL,20220320,1.00,1,2.00,1,2.00,1,4.00,1,0.00,,0.00,,0.00,,3.00,2.00,0,0.00,,,2.00,1,3.00,2.00,,0.00,3.00,1,5.00,1,1.00,1,,2,3,5-15 yrs,5-15 yrs,2,2,2,2,5,0,74518,622,52.78,52.78,57.14,57.14,59.90,59.90,63.10,63.10,37.50,37.50
Malta,MLT,,,NAT_TOTAL,20220321,1.00,1,2.00,1,2.00,1,4.00,1,0.00,,0.00,,0.00,,3.00,2.00,0,0.00,,,2.00,1,3.00,2.00,,0.00,3.00,1,5.00,1,1.00,1,,2,3,5-15 yrs,5-15 yrs,2,2,2,2,5,0,74769,624,52.78,52.78,57.14,57.14,59.90,59.90,63.10,63.10,37.50,37.50
Malta,MLT,,,NAT_TOTAL,20220322,1.00,1,2.00,1,2.00,1,4.00,1,0.00,,0.00,,0.00,,3.00,2.00,0,0.00,,,2.00,1,3.00,2.00,,0.00,3.00,1,5.00,1,1.00,1,,2,3,5-15 yrs,5-15 yrs,2,2,2,2,5,0,75102,624,52.78,52.78,57.14,57.14,59.90,59.90,63.10,63.10,37.50,37.50
Malta,MLT,,,NAT_TOTAL,20220323,1.00,1,2.00,1,2.00,1,4.00,1,0.00,,0.00,,0.00,,3.00,2.00,0,0.00,,,2.00,1,3.00,2.00,,0.00,3.00,1,5.00,1,1.00,1,,2,3,5-15 yrs,5-15 yrs,2,2,2,2,5,0,75477,626,52.78,52.78,57.14,57.14,59.90,59.90,63.10,63.10,37.50,37.50
Malta,MLT,,,NAT_TOTAL,20220324,1.00,1,2.00,1,2.00,1,4.00,1,0.00,,0.00,,0.00,,3.00,2.00,0,0.00,,,2.00,1,3.00,2.00,,0.00,3.00,1,5.00,1,1.00,1,,2,3,5-15 yrs,5-15 yrs,2,2,2,2,5,0,75892,626,52.78,52.78,57.14,57.14,59.90,59.90,63.10,63.10,37.50,37.50
Malta,MLT,,,NAT_TOTAL,20220325,1.00,1,2.00,1,2.00,1,4.00,1,0.00,,0.00,,0.00,,3.00,2.00,0,0.00,,,2.00,1,3.00,2.00,,0.00,3.00,1,5.00,1,1.00,1,,2,3,5-15 yrs,5-15 yrs,2,2,2,2,5,0,76357,627,52.78,52.78,57.14,57.14,59.90,59.90,63.10,63.10,37.50,37.50
Malta,MLT,,,NAT_TOTAL,20220326,1.00,1,2.00,1,2.00,1,4.00,1,0.00,,0.00,,0.00,,3.00,2.00,0,0.00,,,2.00,1,3.00,2.00,,0.00,3.00,1,5.00,1,1.00,1,,2,3,5-15 yrs,5-15 yrs,2,2,2,2,5,0,76749,630,52.78,52.78,57.14,57.14,59.90,59.90,63.10,63.10,37.50,37.50
Malta,MLT,,,NAT_TOTAL,20220327,1.00,1,2.00,1,2.00,1,4.00,1,0.00,,0.00,,0.00,,3.00,2.00,0,0.00,,,2.00,1,3.00,2.00,,0.00,3.00,1,5.00,1,1.00,1,,2,3,5-15 yrs,5-15 yrs,2,2,2,2,5,0,77102,631,52.78,52.78,57.14,57.14,59.90,59.90,63.10,63.10,37.50,37.50
Malta,MLT,,,NAT_TOTAL,20220328,1.00,1,2.00,1,2.00,1,4.00,1,0.00,,0.00,,0.00,,3.00,2.00,0,0.00,,,2.00,1,3.00,2.00,,0.00,3.00,1,5.00,1,1.00,1,,2,3,5-15 yrs,5-15 yrs,2,2,2,2,5,0,77102,631,52.78,52.78,57.14,57.14,59.90,59.90,63.10,63.10,37.50,37.50
Malta,MLT,,,NAT_TOTAL,20220329,1.00,1,2.00,1,2.00,1,4.00,1,0.00,,0.00,,0.00,,3.00,2.00,0,0.00,,,2.00,1,3.00,2.00,,0.00,3.00,1,5.00,1,1.00,1,,2,3,5-15 yrs,5-15 yrs,2,2,2,2,5,0,77102,631,52.78,52.78,57.14,57.14,59.90,59.90,63.10,63.10,37.50,37.50
Malta,MLT,,,NAT_TOTAL,20220330,1.00,1,2.00,1,2.00,1,4.00,1,0.00,,0.00,,0.00,,3.00,2.00,0,0.00,,,2.00,1,3.00,2.00,,0.00,3.00,1,5.00,1,1.00,1,,2,3,5-15 yrs,5-15 yrs,2,2,2,2,5,0,78779,638,52.78,52.78,57.14,57.14,59.90,59.90,63.10,63.10,37.50,37.50
Malta,MLT,,,NAT_TOTAL,20220331,1.00,1,2.00,1,2.00,1,4.00,1,0.00,,0.00,,0.00,,3.00,2.00,0,0.00,,,2.00,1,3.00,2.00,,0.00,3.00,1,5.00,1,1.00,1,,2,3,5-15 yrs,5-15 yrs,2,2,2,2,5,0,79539,638,52.78,52.78,57.14,57.14,59.90,59.90,63.10,63.10,37.50,37.50
Malta,MLT,,,NAT_TOTAL,20220401,1.00,1,2.00,1,2.00,1,4.00,1,0.00,,0.00,,0.00,,3.00,2.00,0,0.00,,,2.00,1,3.00,2.00,,0.00,3.00,1,5.00,1,1.00,1,,2,3,5-15 yrs,5-15 yrs,2,2,2,2,5,0,80198,638,52.78,52.78,57.14,57.14,59.90,59.90,63.10,63.10,37.50,37.50
Malta,MLT,,,NAT_TOTAL,20220402,1.00,1,2.00,1,2.00,1,4.00,1,0.00,,0.00,,0.00,,3.00,2.00,0,0.00,,,2.00,1,3.00,2.00,,0.00,3.00,1,5.00,1,1.00,1,,2,3,5-15 yrs,5-15 yrs,2,2,2,2,5,0,80989,639,52.78,52.78,57.14,57.14,59.90,59.90,63.10,63.10,37.50,37.50
Malta,MLT,,,NAT_TOTAL,20220403,1.00,1,2.00,1,2.00,1,4.00,1,0.00,,0.00,,0.00,,3.00,2.00,0,0.00,,,2.00,1,3.00,2.00,,0.00,3.00,1,5.00,1,1.00,1,,2,3,5-15 yrs,5-15 yrs,2,2,2,2,5,0,81596,641,52.78,52.78,57.14,57.14,59.90,59.90,63.10,63.10,37.50,37.50
Malta,MLT,,,NAT_TOTAL,20220404,1.00,1,2.00,1,2.00,1,4.00,1,0.00,,0.00,,0.00,,3.00,2.00,0,0.00,,,2.00,1,3.00,2.00,,0.00,3.00,1,5.00,1,1.00,1,,2,3,5-15 yrs,5-15 yrs,2,2,2,2,5,0,82126,644,52.78,52.78,57.14,57.14,59.90,59.90,63.10,63.10,37.50,37.50
Malta,MLT,,,NAT_TOTAL,20220405,1.00,1,2.00,1,2.00,1,4.00,1,0.00,,0.00,,0.00,,3.00,2.00,0,0.00,,,2.00,1,3.00,2.00,,0.00,3.00,1,5.00,1,1.00,1,,2,3,5-15 yrs,5-15 yrs,2,2,2,2,5,0,82845,649,52.78,52.78,57.14,57.14,59.90,59.90,63.10,63.10,37.50,37.50
Malta,MLT,,,NAT_TOTAL,20220406,1.00,1,2.00,1,2.00,1,4.00,1,0.00,,0.00,,0.00,,3.00,2.00,0,0.00,,,2.00,1,3.00,2.00,,0.00,3.00,1,5.00,1,1.00,1,,2,3,5-15 yrs,5-15 yrs,2,2,2,2,5,0,83667,650,52.78,52.78,57.14,57.14,59.90,59.90,63.10,63.10,37.50,37.50
Malta,MLT,,,NAT_TOTAL,20220407,1.00,1,2.00,1,2.00,1,4.00,1,0.00,,0.00,,0.00,,3.00,2.00,0,0.00,,,2.00,1,3.00,2.00,,0.00,3.00,1,5.00,1,1.00,1,,2,3,5-15 yrs,5-15 yrs,2,2,2,2,5,0,84398,652,52.78,52.78,57.14,57.14,59.90,59.90,63.10,63.10,37.50,37.50
Malta,MLT,,,NAT_TOTAL,20220408,1.00,1,2.00,1,2.00,1,4.00,1,0.00,,0.00,,0.00,,3.00,2.00,0,0.00,,,2.00,1,3.00,2.00,,0.00,3.00,1,5.00,1,1.00,1,,2,3,5-15 yrs,5-15 yrs,2,2,2,2,5,0,85057,656,52.78,52.78,57.14,57.14,59.90,59.90,63.10,63.10,37.50,37.50
Malta,MLT,,,NAT_TOTAL,20220409,1.00,1,2.00,1,2.00,1,4.00,1,0.00,,0.00,,0.00,,3.00,2.00,0,0.00,,,2.00,1,3.00,2.00,,0.00,3.00,1,5.00,1,1.00,1,,2,3,5-15 yrs,5-15 yrs,2,2,2,2,5,0,85620,659,52.78,52.78,57.14,57.14,59.90,59.90,63.10,63.10,37.50,37.50
Malta,MLT,,,NAT_TOTAL,20220410,1.00,1,2.00,1,2.00,1,0.00,,0.00,,0.00,,0.00,,3.00,2.00,0,0.00,,,2.00,1,3.00,2.00,,0.00,3.00,1,5.00,1,1.00,1,,2,3,5-15 yrs,5-15 yrs,2,2,2,2,5,0,86162,662,41.67,41.67,57.14,57.14,53.65,53.65,55.95,55.95,37.50,37.50
Malta,MLT,,,NAT_TOTAL,20220411,1.00,1,2.00,1,2.00,1,0.00,,0.00,,0.00,,0.00,,3.00,2.00,0,0.00,,,2.00,1,3.00,2.00,,0.00,3.00,1,5.00,1,1.00,1,,2,3,5-15 yrs,5-15 yrs,2,2,2,2,5,0,86595,664,41.67,41.67,57.14,57.14,53.65,53.65,55.95,55.95,37.50,37.50
Malta,MLT,,,NAT_TOTAL,20220412,1.00,1,2.00,1,2.00,1,0.00,,0.00,,0.00,,0.00,,3.00,2.00,0,0.00,,,2.00,1,3.00,2.00,,0.00,3.00,1,5.00,1,1.00,1,,2,3,5-15 yrs,5-15 yrs,2,2,2,2,5,0,87033,667,41.67,41.67,57.14,57.14,53.65,53.65,55.95,55.95,37.50,37.50
Malta,MLT,,,NAT_TOTAL,20220413,0.00,,2.00,1,2.00,1,0.00,,0.00,,0.00,,0.00,,3.00,2.00,0,0.00,,,2.00,1,3.00,2.00,,0.00,2.00,1,5.00,1,1.00,1,,2,3,5-15 yrs,5-15 yrs,2,2,2,2,5,0,87441,669,37.96,37.96,50.00,50.00,50.00,50.00,51.79,51.79,37.50,37.50
Malta,MLT,,,NAT_TOTAL,20220414,0.00,,2.00,1,2.00,1,0.00,,0.00,,0.00,,0.00,,3.00,2.00,0,0.00,,,2.00,1,3.00,2.00,,0.00,2.00,1,5.00,1,1.00,1,,2,3,5-15 yrs,5-15 yrs,2,2,2,2,5,0,87872,671,37.96,37.96,50.00,50.00,50.00,50.00,51.79,51.79,37.50,37.50
Malta,MLT,,,NAT_TOTAL,20220415,0.00,,2.00,1,2.00,1,0.00,,0.00,,0.00,,0.00,,3.00,2.00,0,0.00,,,2.00,1,3.00,2.00,,0.00,2.00,1,5.00,1,1.00,1,,2,3,5-15 yrs,5-15 yrs,2,2,2,2,5,0,88244,672,37.96,37.96,50.00,50.00,50.00,50.00,51.79,51.79,37.50,37.50
Malta,MLT,,,NAT_TOTAL,20220416,0.00,,2.00,1,2.00,1,0.00,,0.00,,0.00,,0.00,,3.00,2.00,0,0.00,,,2.00,1,3.00,2.00,,0.00,2.00,1,5.00,1,1.00,1,,2,3,5-15 yrs,5-15 yrs,2,2,2,2,5,0,88558,673,37.96,37.96,50.00,50.00,50.00,50.00,51.79,51.79,37.50,37.50
Malta,MLT,,,NAT_TOTAL,20220417,0.00,,2.00,1,2.00,1,0.00,,0.00,,0.00,,0.00,,3.00,2.00,0,0.00,,,2.00,1,3.00,2.00,,0.00,2.00,1,5.00,1,1.00,1,,2,3,5-15 yrs,5-15 yrs,2,2,2,2,5,0,88558,673,37.96,37.96,50.00,50.00,50.00,50.00,51.79,51.79,37.50,37.50
Malta,MLT,,,NAT_TOTAL,20220418,0.00,,2.00,1,2.00,1,0.00,,0.00,,0.00,,0.00,,3.00,2.00,0,0.00,,,2.00,1,3.00,2.00,,0.00,2.00,1,5.00,1,1.00,1,,2,3,5-15 yrs,5-15 yrs,2,2,2,2,5,0,89028,677,37.96,37.96,50.00,50.00,50.00,50.00,51.79,51.79,37.50,37.50
Malta,MLT,,,NAT_TOTAL,20220419,0.00,,2.00,1,2.00,1,0.00,,0.00,,0.00,,0.00,,3.00,2.00,0,0.00,,,2.00,1,3.00,2.00,,0.00,2.00,1,5.00,1,1.00,1,,2,3,5-15 yrs,5-15 yrs,2,2,2,2,5,0,89310,677,37.96,37.96,50.00,50.00,50.00,50.00,51.79,51.79,37.50,37.50
Malta,MLT,,,NAT_TOTAL,20220420,0.00,,2.00,1,2.00,1,0.00,,0.00,,0.00,,0.00,,3.00,2.00,0,0.00,,,2.00,1,3.00,2.00,,0.00,2.00,1,5.00,1,1.00,1,,2,3,5-15 yrs,5-15 yrs,2,2,2,2,5,0,89607,679,37.96,37.96,50.00,50.00,50.00,50.00,51.79,51.79,37.50,37.50
Malta,MLT,,,NAT_TOTAL,20220421,0.00,,2.00,1,2.00,1,0.00,,0.00,,0.00,,0.00,,3.00,2.00,0,0.00,,,2.00,1,3.00,2.00,,0.00,2.00,1,5.00,1,1.00,1,,2,3,5-15 yrs,5-15 yrs,2,2,2,2,5,0,89919,684,37.96,37.96,50.00,50.00,50.00,50.00,51.79,51.79,37.50,37.50
Malta,MLT,,,NAT_TOTAL,20220422,0.00,,2.00,1,2.00,1,0.00,,0.00,,0.00,,0.00,,3.00,2.00,0,0.00,,,2.00,1,3.00,2.00,,0.00,2.00,1,5.00,1,1.00,1,,2,3,5-15 yrs,5-15 yrs,2,2,2,2,5,0,90168,684,37.96,37.96,50.00,50.00,50.00,50.00,51.79,51.79,37.50,37.50
Malta,MLT,,,NAT_TOTAL,20220423,0.00,,2.00,1,2.00,1,0.00,,0.00,,0.00,,0.00,,3.00,2.00,0,0.00,,,2.00,1,3.00,2.00,,0.00,2.00,1,5.00,1,1.00,1,,2,3,5-15 yrs,5-15 yrs,2,2,2,2,5,0,90399,687,37.96,37.96,50.00,50.00,50.00,50.00,51.79,51.79,37.50,37.50
Malta,MLT,,,NAT_TOTAL,20220424,0.00,,2.00,1,2.00,1,0.00,,0.00,,0.00,,0.00,,3.00,2.00,0,0.00,,,2.00,1,3.00,2.00,,0.00,2.00,1,5.00,1,1.00,1,,2,3,5-15 yrs,5-15 yrs,2,2,2,2,5,0,90595,688,37.96,37.96,50.00,50.00,50.00,50.00,51.79,51.79,37.50,37.50
Malta,MLT,,,NAT_TOTAL,20220425,0.00,,2.00,1,2.00,1,0.00,,0.00,,0.00,,0.00,,3.00,2.00,0,0.00,,,2.00,1,3.00,2.00,,0.00,2.00,1,5.00,1,1.00,1,,2,3,5-15 yrs,5-15 yrs,2,2,2,2,5,0,90773,692,37.96,37.96,50.00,50.00,50.00,50.00,51.79,51.79,37.50,37.50
Malta,MLT,,,NAT_TOTAL,20220426,0.00,,2.00,1,2.00,1,0.00,,0.00,,0.00,,0.00,,3.00,2.00,0,0.00,,,2.00,1,3.00,2.00,,0.00,2.00,1,5.00,1,1.00,1,,2,3,5-15 yrs,5-15 yrs,2,2,2,2,5,0,91032,693,37.96,37.96,50.00,50.00,50.00,50.00,51.79,51.79,37.50,37.50
Malta,MLT,,,NAT_TOTAL,20220427,0.00,,2.00,1,2.00,1,0.00,,0.00,,0.00,,0.00,,3.00,2.00,0,0.00,,,2.00,1,3.00,2.00,,0.00,2.00,1,5.00,1,1.00,1,,2,3,5-15 yrs,5-15 yrs,2,2,2,2,5,0,91221,696,37.96,37.96,50.00,50.00,50.00,50.00,51.79,51.79,37.50,37.50
Malta,MLT,,,NAT_TOTAL,20220428,0.00,,2.00,1,2.00,1,0.00,,0.00,,0.00,,0.00,,3.00,2.00,0,0.00,,,2.00,1,3.00,2.00,,0.00,2.00,1,5.00,1,1.00,1,,2,3,5-15 yrs,5-15 yrs,2,2,2,2,5,0,91427,698,37.96,37.96,50.00,50.00,50.00,50.00,51.79,51.79,37.50,37.50
Malta,MLT,,,NAT_TOTAL,20220429,0.00,,2.00,1,2.00,1,0.00,,0.00,,0.00,,0.00,,3.00,2.00,0,0.00,,,2.00,1,3.00,2.00,,0.00,2.00,1,5.00,1,1.00,1,,2,3,5-15 yrs,5-15 yrs,2,2,2,2,5,0,91605,698,37.96,37.96,50.00,50.00,50.00,50.00,51.79,51.79,37.50,37.50
Malta,MLT,,,NAT_TOTAL,20220430,0.00,,2.00,1,2.00,1,0.00,,0.00,,0.00,,0.00,,3.00,2.00,0,0.00,,,2.00,1,3.00,2.00,,0.00,2.00,1,5.00,1,1.00,1,,2,3,5-15 yrs,5-15 yrs,2,2,2,2,5,0,91741,698,37.96,37.96,50.00,50.00,50.00,50.00,51.79,51.79,37.50,37.50
Malta,MLT,,,NAT_TOTAL,20220501,0.00,,2.00,1,2.00,1,0.00,,0.00,,0.00,,0.00,,3.00,2.00,0,0.00,,,2.00,1,3.00,2.00,,0.00,2.00,1,5.00,1,1.00,1,,2,3,5-15 yrs,5-15 yrs,2,2,2,2,5,0,91861,698,37.96,37.96,50.00,50.00,50.00,50.00,51.79,51.79,37.50,37.50
Malta,MLT,,,NAT_TOTAL,20220502,0.00,,0.00,,0.00,,0.00,,0.00,,0.00,,0.00,,3.00,2.00,0,0.00,,,2.00,1,3.00,0.00,,0.00,2.00,1,5.00,1,1.00,1,,2,3,5-15 yrs,5-15 yrs,2,2,2,2,5,0,91975,700,19.44,19.44,25.00,25.00,33.33,33.33,32.74,32.74,37.50,37.50
Malta,MLT,,,NAT_TOTAL,20220503,0.00,,0.00,,0.00,,0.00,,0.00,,0.00,,0.00,,3.00,2.00,0,0.00,,,2.00,1,3.00,0.00,,0.00,2.00,1,5.00,1,1.00,1,,2,3,5-15 yrs,5-15 yrs,2,2,2,2,5,0,92150,702,19.44,19.44,25.00,25.00,33.33,33.33,32.74,32.74,37.50,37.50
Malta,MLT,,,NAT_TOTAL,20220504,0.00,,0.00,,0.00,,0.00,,0.00,,0.00,,0.00,,3.00,2.00,0,0.00,,,2.00,1,3.00,0.00,,0.00,2.00,1,5.00,1,1.00,1,,2,3,5-15 yrs,5-15 yrs,2,2,2,2,5,0,92308,703,19.44,19.44,25.00,25.00,33.33,33.33,32.74,32.74,37.50,37.50
Malta,MLT,,,NAT_TOTAL,20220505,0.00,,0.00,,0.00,,0.00,,0.00,,0.00,,0.00,,3.00,2.00,0,0.00,,,2.00,1,3.00,0.00,,0.00,2.00,1,5.00,1,1.00,1,,2,3,5-15 yrs,5-15 yrs,2,2,2,2,5,0,92475,708,19.44,19.44,25.00,25.00,33.33,33.33,32.74,32.74,37.50,37.50
Malta,MLT,,,NAT_TOTAL,20220506,0.00,,0.00,,0.00,,0.00,,0.00,,0.00,,0.00,,3.00,2.00,0,0.00,,,2.00,1,3.00,0.00,,0.00,2.00,1,5.00,1,1.00,1,,2,3,5-15 yrs,5-15 yrs,2,2,2,2,5,0,92597,708,19.44,19.44,25.00,25.00,33.33,33.33,32.74,32.74,37.50,37.50
Malta,MLT,,,NAT_TOTAL,20220507,0.00,,0.00,,0.00,,0.00,,0.00,,0.00,,0.00,,3.00,2.00,0,0.00,,,2.00,1,3.00,0.00,,0.00,2.00,1,5.00,1,1.00,1,,2,3,5-15 yrs,5-15 yrs,2,2,2,2,5,0,92729,708,19.44,19.44,25.00,25.00,33.33,33.33,32.74,32.74,37.50,37.50
Malta,MLT,,,NAT_TOTAL,20220508,0.00,,0.00,,0.00,,0.00,,0.00,,0.00,,0.00,,3.00,2.00,0,0.00,,,2.00,1,3.00,0.00,,0.00,2.00,1,5.00,1,1.00,1,,2,3,5-15 yrs,5-15 yrs,2,2,2,2,5,0,92848,709,19.44,19.44,25.00,25.00,33.33,33.33,32.74,32.74,37.50,37.50
Malta,MLT,,,NAT_TOTAL,20220509,0.00,,0.00,,0.00,,0.00,,0.00,,0.00,,0.00,,1.00,2.00,0,0.00,,,2.00,1,3.00,0.00,,0.00,2.00,1,5.00,1,1.00,1,,2,3,5-15 yrs,5-15 yrs,2,2,2,2,5,0,92953,711,13.89,13.89,17.86,17.86,30.21,30.21,29.17,29.17,37.50,37.50
Malta,MLT,,,NAT_TOTAL,20220510,0.00,,0.00,,0.00,,0.00,,0.00,,0.00,,0.00,,1.00,2.00,0,0.00,,,2.00,1,3.00,0.00,,0.00,2.00,1,5.00,1,1.00,1,,2,3,5-15 yrs,5-15 yrs,2,2,2,2,5,0,93041,713,13.89,13.89,17.86,17.86,30.21,30.21,29.17,29.17,37.50,37.50
Malta,MLT,,,NAT_TOTAL,20220511,0.00,,0.00,,0.00,,0.00,,0.00,,0.00,,0.00,,1.00,2.00,0,0.00,,,2.00,1,3.00,0.00,,0.00,2.00,1,5.00,1,1.00,1,,2,3,5-15 yrs,5-15 yrs,2,2,2,2,5,0,93149,713,13.89,13.89,17.86,17.86,30.21,30.21,29.17,29.17,37.50,37.50
Malta,MLT,,,NAT_TOTAL,20220512,0.00,,0.00,,0.00,,0.00,,0.00,,0.00,,0.00,,1.00,2.00,0,0.00,,,2.00,1,3.00,0.00,,0.00,2.00,1,5.00,1,1.00,1,,2,3,5-15 yrs,5-15 yrs,2,2,2,2,5,0,93249,713,13.89,13.89,17.86,17.86,30.21,30.21,29.17,29.17,37.50,37.50
Malta,MLT,,,NAT_TOTAL,20220513,0.00,,0.00,,0.00,,0.00,,0.00,,0.00,,0.00,,1.00,2.00,0,0.00,,,2.00,1,3.00,0.00,,0.00,2.00,1,5.00,1,1.00,1,,2,3,5-15 yrs,5-15 yrs,2,2,2,2,5,0,93360,713,13.89,13.89,17.86,17.86,30.21,30.21,29.17,29.17,37.50,37.50
Malta,MLT,,,NAT_TOTAL,20220514,0.00,,0.00,,0.00,,0.00,,0.00,,0.00,,0.00,,1.00,2.00,0,0.00,,,2.00,1,3.00,0.00,,0.00,2.00,1,5.00,1,1.00,1,,2,3,5-15 yrs,5-15 yrs,2,2,2,2,5,0,93446,713,13.89,13.89,17.86,17.86,30.21,30.21,29.17,29.17,37.50,37.50
Malta,MLT,,,NAT_TOTAL,20220515,0.00,,0.00,,0.00,,0.00,,0.00,,0.00,,0.00,,1.00,2.00,0,0.00,,,2.00,1,3.00,0.00,,0.00,2.00,1,5.00,1,1.00,1,,2,3,5-15 yrs,5-15 yrs,2,2,2,2,5,0,93508,713,13.89,13.89,17.86,17.86,30.21,30.21,29.17,29.17,37.50,37.50
Malta,MLT,,,NAT_TOTAL,20220516,0.00,,0.00,,0.00,,0.00,,0.00,,0.00,,0.00,,1.00,2.00,0,0.00,,,2.00,1,3.00,0.00,,0.00,2.00,1,5.00,1,1.00,1,,2,3,5-15 yrs,5-15 yrs,2,2,2,2,5,0,93572,713,13.89,13.89,17.86,17.86,30.21,30.21,29.17,29.17,37.50,37.50
Malta,MLT,,,NAT_TOTAL,20220517,0.00,,0.00,,0.00,,0.00,,0.00,,0.00,,0.00,,1.00,2.00,0,0.00,,,2.00,1,3.00,0.00,,0.00,2.00,1,5.00,1,1.00,1,,2,3,5-15 yrs,5-15 yrs,2,2,2,2,5,0,93682,714,13.89,13.89,17.86,17.86,30.21,30.21,29.17,29.17,37.50,37.50
Malta,MLT,,,NAT_TOTAL,20220518,0.00,,0.00,,0.00,,0.00,,0.00,,0.00,,0.00,,1.00,2.00,0,0.00,,,2.00,1,3.00,0.00,,0.00,2.00,1,5.00,1,1.00,1,,2,3,5-15 yrs,5-15 yrs,2,2,2,2,5,0,93758,716,13.89,13.89,17.86,17.86,30.21,30.21,29.17,29.17,37.50,37.50
Malta,MLT,,,NAT_TOTAL,20220519,0.00,,0.00,,0.00,,0.00,,0.00,,0.00,,0.00,,1.00,2.00,0,0.00,,,2.00,1,3.00,0.00,,0.00,2.00,1,5.00,1,1.00,1,,2,3,5-15 yrs,5-15 yrs,2,2,2,2,5,0,93843,716,13.89,13.89,17.86,17.86,30.21,30.21,29.17,29.17,37.50,37.50
Malta,MLT,,,NAT_TOTAL,20220520,0.00,,0.00,,0.00,,0.00,,0.00,,0.00,,0.00,,1.00,2.00,0,0.00,,,2.00,1,3.00,0.00,,0.00,2.00,1,5.00,1,1.00,1,,2,3,5-15 yrs,5-15 yrs,2,2,2,2,5,0,93912,716,13.89,13.89,17.86,17.86,30.21,30.21,29.17,29.17,37.50,37.50
Malta,MLT,,,NAT_TOTAL,20220521,0.00,,0.00,,0.00,,0.00,,0.00,,0.00,,0.00,,1.00,2.00,0,0.00,,,2.00,1,3.00,0.00,,0.00,2.00,1,5.00,1,1.00,1,,2,3,5-15 yrs,5-15 yrs,2,2,2,2,5,0,93985,717,13.89,13.89,17.86,17.86,30.21,30.21,29.17,29.17,37.50,37.50
Malta,MLT,,,NAT_TOTAL,20220522,0.00,,0.00,,0.00,,0.00,,0.00,,0.00,,0.00,,1.00,2.00,0,0.00,,,2.00,1,3.00,0.00,,0.00,2.00,1,5.00,1,1.00,1,,2,3,5-15 yrs,5-15 yrs,2,2,2,2,5,0,94046,717,13.89,13.89,17.86,17.86,30.21,30.21,29.17,29.17,37.50,37.50
Malta,MLT,,,NAT_TOTAL,20220523,0.00,,0.00,,0.00,,0.00,,0.00,,0.00,,0.00,,1.00,2.00,0,0.00,,,2.00,1,3.00,0.00,,0.00,2.00,1,5.00,1,1.00,1,,2,3,5-15 yrs,5-15 yrs,2,2,2,2,5,0,94113,718,13.89,13.89,17.86,17.86,30.21,30.21,29.17,29.17,37.50,37.50
Malta,MLT,,,NAT_TOTAL,20220524,0.00,,0.00,,0.00,,0.00,,0.00,,0.00,,0.00,,1.00,2.00,0,0.00,,,2.00,1,3.00,0.00,,0.00,2.00,1,5.00,1,1.00,1,,2,3,5-15 yrs,5-15 yrs,2,2,2,2,5,0,94205,719,13.89,13.89,17.86,17.86,30.21,30.21,29.17,29.17,37.50,37.50
Malta,MLT,,,NAT_TOTAL,20220525,0.00,,0.00,,0.00,,0.00,,0.00,,0.00,,0.00,,1.00,2.00,0,0.00,,,2.00,1,3.00,0.00,,0.00,2.00,1,5.00,1,1.00,1,,2,3,5-15 yrs,5-15 yrs,2,2,2,2,5,0,94264,719,13.89,13.89,17.86,17.86,30.21,30.21,29.17,29.17,37.50,37.50
Malta,MLT,,,NAT_TOTAL,20220526,0.00,,0.00,,0.00,,0.00,,0.00,,0.00,,0.00,,1.00,2.00,0,0.00,,,2.00,1,3.00,0.00,,0.00,2.00,1,5.00,1,1.00,1,,2,3,5-15 yrs,5-15 yrs,2,2,2,2,5,0,94354,719,13.89,13.89,17.86,17.86,30.21,30.21,29.17,29.17,37.50,37.50
Malta,MLT,,,NAT_TOTAL,20220527,0.00,,0.00,,0.00,,0.00,,0.00,,0.00,,0.00,,1.00,2.00,0,0.00,,,2.00,1,3.00,0.00,,0.00,2.00,1,5.00,1,1.00,1,,2,3,5-15 yrs,5-15 yrs,2,2,2,2,5,0,94440,719,13.89,13.89,17.86,17.86,30.21,30.21,29.17,29.17,37.50,37.50
Malta,MLT,,,NAT_TOTAL,20220528,0.00,,0.00,,0.00,,0.00,,0.00,,0.00,,0.00,,1.00,2.00,0,0.00,,,2.00,1,3.00,0.00,,0.00,2.00,1,5.00,1,1.00,1,,2,3,5-15 yrs,5-15 yrs,2,2,2,2,5,0,94513,719,13.89,13.89,17.86,17.86,30.21,30.21,29.17,29.17,37.50,37.50
Malta,MLT,,,NAT_TOTAL,20220529,0.00,,0.00,,0.00,,0.00,,0.00,,0.00,,0.00,,1.00,2.00,0,0.00,,,2.00,1,3.00,0.00,,0.00,2.00,1,5.00,1,1.00,1,,2,3,5-15 yrs,5-15 yrs,2,2,2,2,5,0,94579,721,13.89,13.89,17.86,17.86,30.21,30.21,29.17,29.17,37.50,37.50
Malta,MLT,,,NAT_TOTAL,20220530,0.00,,0.00,,0.00,,0.00,,0.00,,0.00,,0.00,,1.00,2.00,0,0.00,,,2.00,1,3.00,0.00,,0.00,2.00,1,5.00,1,1.00,1,,2,3,5-15 yrs,5-15 yrs,2,2,2,2,5,0,94643,721,13.89,13.89,17.86,17.86,30.21,30.21,29.17,29.17,37.50,37.50
Malta,MLT,,,NAT_TOTAL,20220531,0.00,,0.00,,0.00,,0.00,,0.00,,0.00,,0.00,,1.00,2.00,0,0.00,,,2.00,1,3.00,0.00,,0.00,2.00,1,5.00,1,1.00,1,,2,3,5-15 yrs,5-15 yrs,2,2,2,2,5,0,94742,721,13.89,13.89,17.86,17.86,30.21,30.21,29.17,29.17,37.50,37.50
Malta,MLT,,,NAT_TOTAL,20220601,0.00,,0.00,,0.00,,0.00,,0.00,,0.00,,0.00,,1.00,0.00,,0.00,,,2.00,1,3.00,0.00,,0.00,2.00,1,5.00,1,1.00,1,,2,3,5-15 yrs,5-15 yrs,2,2,2,2,5,0,94857,721,13.89,13.89,17.86,17.86,25.52,25.52,29.17,29.17,0.00,0.00
Malta,MLT,,,NAT_TOTAL,20220602,0.00,,0.00,,0.00,,0.00,,0.00,,0.00,,0.00,,1.00,0.00,,0.00,,,2.00,1,3.00,0.00,,0.00,2.00,1,5.00,1,1.00,1,,2,3,5-15 yrs,5-15 yrs,2,2,2,2,5,0,94950,722,13.89,13.89,17.86,17.86,25.52,25.52,29.17,29.17,0.00,0.00
Malta,MLT,,,NAT_TOTAL,20220603,0.00,,0.00,,0.00,,0.00,,0.00,,0.00,,0.00,,1.00,0.00,,0.00,,,2.00,1,3.00,0.00,,0.00,2.00,1,5.00,1,1.00,1,,2,3,5-15 yrs,5-15 yrs,2,2,2,2,5,0,95068,722,13.89,13.89,17.86,17.86,25.52,25.52,29.17,29.17,0.00,0.00
Malta,MLT,,,NAT_TOTAL,20220604,0.00,,0.00,,0.00,,0.00,,0.00,,0.00,,0.00,,1.00,0.00,,0.00,,,2.00,1,3.00,0.00,,0.00,2.00,1,5.00,1,1.00,1,,2,3,5-15 yrs,5-15 yrs,2,2,2,2,5,0,95144,722,13.89,13.89,17.86,17.86,25.52,25.52,29.17,29.17,0.00,0.00
Malta,MLT,,,NAT_TOTAL,20220605,0.00,,0.00,,0.00,,0.00,,0.00,,0.00,,0.00,,1.00,0.00,,0.00,,,2.00,1,3.00,0.00,,0.00,2.00,1,5.00,1,1.00,1,,2,3,5-15 yrs,5-15 yrs,2,2,2,2,5,0,95210,723,13.89,13.89,17.86,17.86,25.52,25.52,29.17,29.17,0.00,0.00
Malta,MLT,,,NAT_TOTAL,20220606,0.00,,0.00,,0.00,,0.00,,0.00,,0.00,,0.00,,1.00,0.00,,0.00,,,2.00,1,3.00,0.00,,0.00,2.00,1,5.00,1,1.00,1,,2,3,5-15 yrs,5-15 yrs,2,2,2,2,5,0,95272,723,13.89,13.89,17.86,17.86,25.52,25.52,29.17,29.17,0.00,0.00
Malta,MLT,,,NAT_TOTAL,20220607,0.00,,0.00,,0.00,,0.00,,0.00,,0.00,,0.00,,1.00,0.00,,0.00,,,2.00,1,3.00,0.00,,0.00,2.00,1,5.00,1,1.00,1,,2,3,5-15 yrs,5-15 yrs,2,2,2,2,5,0,95365,723,13.89,13.89,17.86,17.86,25.52,25.52,29.17,29.17,0.00,0.00
Malta,MLT,,,NAT_TOTAL,20220608,0.00,,0.00,,0.00,,0.00,,0.00,,0.00,,0.00,,1.00,0.00,,0.00,,,2.00,1,3.00,0.00,,0.00,2.00,1,5.00,1,1.00,1,,2,3,5-15 yrs,5-15 yrs,2,2,2,2,5,0,95467,723,13.89,13.89,17.86,17.86,25.52,25.52,29.17,29.17,0.00,0.00
Malta,MLT,,,NAT_TOTAL,20220609,0.00,,0.00,,0.00,,0.00,,0.00,,0.00,,0.00,,1.00,0.00,,0.00,,,2.00,1,3.00,0.00,,0.00,2.00,1,5.00,1,1.00,1,,2,3,5-15 yrs,5-15 yrs,2,2,2,2,5,0,95642,723,13.89,13.89,17.86,17.86,25.52,25.52,29.17,29.17,0.00,0.00
Malta,MLT,,,NAT_TOTAL,20220610,0.00,,0.00,,0.00,,0.00,,0.00,,0.00,,0.00,,1.00,0.00,,0.00,,,2.00,1,3.00,0.00,,0.00,2.00,1,5.00,1,1.00,1,,2,3,5-15 yrs,5-15 yrs,2,2,2,2,5,0,95829,723,13.89,13.89,17.86,17.86,25.52,25.52,29.17,29.17,0.00,0.00
Malta,MLT,,,NAT_TOTAL,20220611,0.00,,0.00,,0.00,,0.00,,0.00,,0.00,,0.00,,1.00,0.00,,0.00,,,2.00,1,3.00,0.00,,0.00,2.00,1,5.00,1,1.00,1,,2,3,5-15 yrs,5-15 yrs,2,2,2,2,5,0,95995,724,13.89,13.89,17.86,17.86,25.52,25.52,29.17,29.17,0.00,0.00
Malta,MLT,,,NAT_TOTAL,20220612,0.00,,0.00,,0.00,,0.00,,0.00,,0.00,,0.00,,1.00,0.00,,0.00,,,2.00,1,3.00,0.00,,0.00,2.00,1,5.00,1,1.00,1,,2,3,5-15 yrs,5-15 yrs,2,2,2,2,5,0,96148,726,13.89,13.89,17.86,17.86,25.52,25.52,29.17,29.17,0.00,0.00
Malta,MLT,,,NAT_TOTAL,20220613,0.00,,0.00,,0.00,,0.00,,0.00,,0.00,,0.00,,1.00,0.00,,0.00,,,2.00,1,3.00,0.00,,0.00,2.00,1,5.00,1,1.00,1,,2,3,5-15 yrs,5-15 yrs,2,2,2,2,5,0,96290,727,13.89,13.89,17.86,17.86,25.52,25.52,29.17,29.17,0.00,0.00
Malta,MLT,,,NAT_TOTAL,20220614,0.00,,0.00,,0.00,,0.00,,0.00,,0.00,,0.00,,1.00,0.00,,0.00,,,2.00,1,3.00,0.00,,0.00,2.00,1,5.00,1,1.00,1,,2,3,5-15 yrs,5-15 yrs,2,2,2,2,5,0,96490,728,13.89,13.89,17.86,17.86,25.52,25.52,29.17,29.17,0.00,0.00
Malta,MLT,,,NAT_TOTAL,20220615,0.00,,0.00,,0.00,,0.00,,0.00,,0.00,,0.00,,1.00,0.00,,0.00,,,2.00,1,3.00,0.00,,0.00,2.00,1,5.00,1,1.00,1,,2,3,5-15 yrs,5-15 yrs,2,2,2,2,5,0,96763,728,13.89,13.89,17.86,17.86,25.52,25.52,29.17,29.17,0.00,0.00
Malta,MLT,,,NAT_TOTAL,20220616,0.00,,0.00,,0.00,,0.00,,0.00,,0.00,,0.00,,1.00,0.00,,0.00,,,2.00,1,3.00,0.00,,0.00,2.00,1,5.00,1,1.00,1,,2,3,5-15 yrs,5-15 yrs,2,2,2,2,5,0,97018,728,13.89,13.89,17.86,17.86,25.52,25.52,29.17,29.17,0.00,0.00
Malta,MLT,,,NAT_TOTAL,20220617,0.00,,0.00,,0.00,,0.00,,0.00,,0.00,,0.00,,1.00,0.00,,0.00,,,2.00,1,3.00,0.00,,0.00,2.00,1,5.00,1,1.00,1,,2,3,5-15 yrs,5-15 yrs,2,2,2,2,5,0,97278,728,13.89,13.89,17.86,17.86,25.52,25.52,29.17,29.17,0.00,0.00
Malta,MLT,,,NAT_TOTAL,20220618,0.00,,0.00,,0.00,,0.00,,0.00,,0.00,,0.00,,1.00,0.00,,0.00,,,2.00,1,3.00,0.00,,0.00,2.00,1,5.00,1,1.00,1,,2,3,5-15 yrs,5-15 yrs,2,2,2,2,5,0,97557,730,13.89,13.89,17.86,17.86,25.52,25.52,29.17,29.17,0.00,0.00
Malta,MLT,,,NAT_TOTAL,20220619,0.00,,0.00,,0.00,,0.00,,0.00,,0.00,,0.00,,1.00,0.00,,0.00,,,2.00,1,3.00,0.00,,0.00,2.00,1,5.00,1,1.00,1,,2,3,5-15 yrs,5-15 yrs,2,2,2,2,5,0,97872,730,13.89,13.89,17.86,17.86,25.52,25.52,29.17,29.17,0.00,0.00
Malta,MLT,,,NAT_TOTAL,20220620,0.00,,0.00,,0.00,,0.00,,0.00,,0.00,,0.00,,1.00,0.00,,0.00,,,2.00,1,3.00,0.00,,0.00,2.00,1,5.00,1,1.00,1,,2,3,5-15 yrs,5-15 yrs,2,2,2,2,5,0,98105,730,13.89,13.89,17.86,17.86,25.52,25.52,29.17,29.17,0.00,0.00
Malta,MLT,,,NAT_TOTAL,20220621,0.00,,0.00,,0.00,,0.00,,0.00,,0.00,,0.00,,1.00,0.00,,0.00,,,2.00,1,3.00,0.00,,0.00,2.00,1,5.00,1,1.00,1,,2,3,5-15 yrs,5-15 yrs,2,2,2,2,5,0,98593,735,13.89,13.89,17.86,17.86,25.52,25.52,29.17,29.17,0.00,0.00
Malta,MLT,,,NAT_TOTAL,20220622,0.00,,0.00,,0.00,,0.00,,0.00,,0.00,,0.00,,1.00,0.00,,0.00,,,2.00,1,3.00,0.00,,,2.00,1,5.00,1,1.00,1,,2,3,5-15 yrs,5-15 yrs,2,2,2,2,5,0,99116,736,13.89,13.89,17.86,17.86,25.52,25.52,29.17,29.17,0.00,0.00
Malta,MLT,,,NAT_TOTAL,20220623,0.00,,0.00,,0.00,,0.00,,0.00,,0.00,,0.00,,1.00,0.00,,0.00,,,2.00,1,3.00,0.00,,,2.00,1,5.00,1,1.00,1,,2,3,5-15 yrs,5-15 yrs,2,2,2,2,5,0,99659,738,13.89,13.89,17.86,17.86,25.52,25.52,29.17,29.17,0.00,0.00
Malta,MLT,,,NAT_TOTAL,20220624,0.00,,0.00,,0.00,,0.00,,0.00,,0.00,,0.00,,1.00,0.00,,0.00,,,2.00,1,3.00,0.00,,,2.00,1,5.00,1,1.00,1,,2,3,5-15 yrs,5-15 yrs,2,2,2,2,5,0,100138,740,13.89,13.89,17.86,17.86,25.52,25.52,29.17,29.17,0.00,0.00
Malta,MLT,,,NAT_TOTAL,20220625,0.00,,0.00,,0.00,,0.00,,0.00,,0.00,,0.00,,1.00,0.00,,0.00,,,2.00,1,3.00,0.00,,,2.00,1,5.00,1,1.00,1,,2,3,5-15 yrs,5-15 yrs,2,2,2,2,5,0,100594,740,13.89,13.89,17.86,17.86,25.52,25.52,29.17,29.17,0.00,0.00
Malta,MLT,,,NAT_TOTAL,20220626,0.00,,0.00,,0.00,,0.00,,0.00,,0.00,,0.00,,1.00,0.00,,0.00,,,2.00,1,3.00,0.00,,,2.00,1,5.00,1,1.00,1,,2,3,5-15 yrs,5-15 yrs,2,2,2,2,5,0,101036,740,13.89,13.89,17.86,17.86,25.52,25.52,29.17,29.17,0.00,0.00
Malta,MLT,,,NAT_TOTAL,20220627,0.00,,0.00,,0.00,,0.00,,0.00,,0.00,,0.00,,1.00,0.00,,0.00,,,2.00,1,3.00,0.00,,,2.00,1,5.00,1,1.00,1,,2,3,5-15 yrs,5-15 yrs,2,2,2,2,5,0,101453,740,13.89,13.89,17.86,17.86,25.52,25.52,29.17,29.17,0.00,0.00
Malta,MLT,,,NAT_TOTAL,20220628,0.00,,0.00,,0.00,,0.00,,0.00,,0.00,,0.00,,1.00,0.00,,0.00,,,2.00,1,3.00,0.00,,,2.00,1,5.00,1,1.00,1,,2,3,5-15 yrs,5-15 yrs,2,2,2,2,5,0,102023,740,13.89,13.89,17.86,17.86,25.52,25.52,29.17,29.17,0.00,0.00
Malta,MLT,,,NAT_TOTAL,20220629,0.00,,0.00,,0.00,,0.00,,0.00,,0.00,,0.00,,1.00,0.00,,0.00,,,2.00,1,3.00,0.00,,,2.00,1,5.00,1,1.00,1,,2,3,5-15 yrs,5-15 yrs,2,2,2,2,5,0,102593,740,13.89,13.89,17.86,17.86,25.52,25.52,29.17,29.17,0.00,0.00
Malta,MLT,,,NAT_TOTAL,20220630,0.00,,0.00,,0.00,,0.00,,0.00,,0.00,,0.00,,1.00,0.00,,0.00,,,2.00,1,3.00,0.00,,,2.00,1,5.00,1,1.00,1,,2,3,5-15 yrs,5-15 yrs,2,2,2,2,5,0,103132,741,13.89,13.89,17.86,17.86,25.52,25.52,29.17,29.17,0.00,0.00
Malta,MLT,,,NAT_TOTAL,20220701,0.00,,0.00,,0.00,,0.00,,0.00,,0.00,,0.00,,1.00,0.00,,0.00,,,2.00,1,3.00,0.00,,,2.00,1,5.00,1,1.00,1,,2,3,5-15 yrs,5-15 yrs,2,2,2,2,5,0,103836,744,13.89,13.89,17.86,17.86,25.52,25.52,29.17,29.17,0.00,0.00
Malta,MLT,,,NAT_TOTAL,20220702,0.00,,0.00,,0.00,,0.00,,0.00,,0.00,,0.00,,1.00,0.00,,0.00,,,2.00,1,3.00,0.00,,,2.00,1,5.00,1,1.00,1,,2,3,5-15 yrs,5-15 yrs,2,2,2,2,5,0,104419,747,13.89,13.89,17.86,17.86,25.52,25.52,29.17,29.17,0.00,0.00
Malta,MLT,,,NAT_TOTAL,20220703,0.00,,0.00,,0.00,,0.00,,0.00,,0.00,,0.00,,1.00,0.00,,0.00,,,2.00,1,3.00,0.00,,,2.00,1,5.00,1,1.00,1,,2,3,5-15 yrs,5-15 yrs,2,2,2,2,5,0,104919,748,13.89,13.89,17.86,17.86,25.52,25.52,29.17,29.17,0.00,0.00
Malta,MLT,,,NAT_TOTAL,20220704,0.00,,0.00,,0.00,,0.00,,0.00,,0.00,,0.00,,1.00,0.00,,0.00,,,2.00,1,3.00,0.00,,,2.00,1,5.00,1,1.00,1,,2,3,5-15 yrs,5-15 yrs,2,2,2,2,5,0,105407,748,13.89,13.89,17.86,17.86,25.52,25.52,29.17,29.17,0.00,0.00
Malta,MLT,,,NAT_TOTAL,20220705,0.00,,0.00,,0.00,,0.00,,0.00,,0.00,,0.00,,1.00,0.00,,0.00,,,2.00,1,3.00,0.00,,,2.00,1,5.00,1,1.00,1,,2,3,5-15 yrs,5-15 yrs,2,2,2,2,5,0,106068,751,13.89,13.89,17.86,17.86,25.52,25.52,29.17,29.17,0.00,0.00
Malta,MLT,,,NAT_TOTAL,20220706,0.00,,0.00,,0.00,,0.00,,0.00,,0.00,,0.00,,1.00,0.00,,0.00,,,2.00,1,3.00,0.00,,,2.00,1,5.00,1,1.00,1,,2,3,5-15 yrs,5-15 yrs,2,2,2,2,5,0,106682,752,13.89,13.89,17.86,17.86,25.52,25.52,29.17,29.17,0.00,0.00
Malta,MLT,,,NAT_TOTAL,20220707,0.00,,0.00,,0.00,,0.00,,0.00,,0.00,,0.00,,1.00,0.00,,0.00,,,2.00,1,3.00,0.00,,,2.00,1,5.00,1,1.00,1,,2,3,5-15 yrs,5-15 yrs,2,2,2,2,5,0,107306,753,13.89,13.89,17.86,17.86,25.52,25.52,29.17,29.17,0.00,0.00
Malta,MLT,,,NAT_TOTAL,20220708,0.00,,0.00,,0.00,,0.00,,0.00,,0.00,,0.00,,1.00,0.00,,0.00,,,2.00,1,3.00,0.00,,,2.00,1,5.00,1,1.00,1,,2,3,5-15 yrs,5-15 yrs,2,2,2,2,5,0,107812,754,13.89,13.89,17.86,17.86,25.52,25.52,29.17,29.17,0.00,0.00
Malta,MLT,,,NAT_TOTAL,20220709,0.00,,0.00,,0.00,,0.00,,0.00,,0.00,,0.00,,1.00,0.00,,0.00,,,2.00,1,3.00,0.00,,,2.00,1,5.00,1,1.00,1,,2,3,5-15 yrs,5-15 yrs,2,2,2,2,5,0,108283,756,13.89,13.89,17.86,17.86,25.52,25.52,29.17,29.17,0.00,0.00
Malta,MLT,,,NAT_TOTAL,20220710,0.00,,0.00,,0.00,,0.00,,0.00,,0.00,,0.00,,1.00,0.00,,0.00,,,2.00,1,3.00,0.00,,,2.00,1,5.00,1,1.00,1,,2,3,5-15 yrs,5-15 yrs,2,2,2,2,5,0,108688,759,13.89,13.89,17.86,17.86,25.52,25.52,29.17,29.17,0.00,0.00
Malta,MLT,,,NAT_TOTAL,20220711,0.00,,0.00,,0.00,,0.00,,0.00,,0.00,,0.00,,1.00,0.00,,0.00,,,2.00,1,3.00,0.00,,,2.00,1,5.00,1,1.00,1,,2,3,5-15 yrs,5-15 yrs,2,2,2,2,5,0,109043,762,13.89,13.89,17.86,17.86,25.52,25.52,29.17,29.17,0.00,0.00
Malta,MLT,,,NAT_TOTAL,20220712,0.00,,0.00,,0.00,,0.00,,0.00,,0.00,,0.00,,1.00,0.00,,0.00,,,2.00,1,3.00,0.00,,,2.00,1,5.00,1,1.00,1,,2,3,5-15 yrs,5-15 yrs,2,2,2,2,5,0,109493,763,13.89,13.89,17.86,17.86,25.52,25.52,29.17,29.17,0.00,0.00
Malta,MLT,,,NAT_TOTAL,20220713,0.00,,0.00,,0.00,,0.00,,0.00,,0.00,,0.00,,1.00,0.00,,0.00,,,2.00,1,3.00,0.00,,,2.00,1,5.00,1,1.00,1,,2,3,5-15 yrs,5-15 yrs,2,2,2,2,5,0,109911,766,13.89,13.89,17.86,17.86,25.52,25.52,29.17,29.17,0.00,0.00
Malta,MLT,,,NAT_TOTAL,20220714,0.00,,0.00,,0.00,,0.00,,0.00,,0.00,,0.00,,1.00,0.00,,0.00,,,2.00,1,3.00,0.00,,,2.00,1,5.00,1,1.00,1,,2,3,5-15 yrs,5-15 yrs,2,2,2,2,5,0,110191,768,13.89,13.89,17.86,17.86,25.52,25.52,29.17,29.17,0.00,0.00
Malta,MLT,,,NAT_TOTAL,20220715,0.00,,0.00,,0.00,,0.00,,0.00,,0.00,,0.00,,1.00,0.00,,0.00,,,2.00,1,3.00,0.00,,,2.00,1,5.00,1,1.00,1,,2,3,5-15 yrs,5-15 yrs,2,2,2,2,5,0,110501,768,13.89,13.89,17.86,17.86,25.52,25.52,29.17,29.17,0.00,0.00
Malta,MLT,,,NAT_TOTAL,20220716,0.00,,0.00,,0.00,,0.00,,0.00,,0.00,,0.00,,1.00,0.00,,0.00,,,2.00,1,3.00,0.00,,,2.00,1,5.00,1,1.00,1,,2,3,5-15 yrs,5-15 yrs,2,2,2,2,5,0,110743,772,13.89,13.89,17.86,17.86,25.52,25.52,29.17,29.17,0.00,0.00
Malta,MLT,,,NAT_TOTAL,20220717,0.00,,0.00,,0.00,,0.00,,0.00,,0.00,,0.00,,1.00,0.00,,0.00,,,2.00,1,3.00,0.00,,,2.00,1,5.00,1,1.00,1,,2,3,5-15 yrs,5-15 yrs,2,2,2,2,5,0,110967,772,13.89,13.89,17.86,17.86,25.52,25.52,29.17,29.17,0.00,0.00
Malta,MLT,,,NAT_TOTAL,20220718,0.00,,0.00,,0.00,,0.00,,0.00,,0.00,,0.00,,1.00,0.00,,0.00,,,2.00,1,3.00,0.00,,,2.00,1,5.00,1,1.00,1,,2,3,5-15 yrs,5-15 yrs,2,2,2,2,5,0,111149,773,13.89,13.89,17.86,17.86,25.52,25.52,29.17,29.17,0.00,0.00
Malta,MLT,,,NAT_TOTAL,20220719,0.00,,0.00,,0.00,,0.00,,0.00,,0.00,,0.00,,1.00,0.00,,0.00,,,2.00,1,3.00,0.00,,,2.00,1,5.00,1,1.00,1,,2,3,5-15 yrs,5-15 yrs,2,2,2,2,5,0,111410,777,13.89,13.89,17.86,17.86,25.52,25.52,29.17,29.17,0.00,0.00
Malta,MLT,,,NAT_TOTAL,20220720,,,,,,,,,,,,,,,,,,,,,,,,,,,,,,,,,,,,,,,,,,,,,,,13.89,,17.86,,25.52,,29.17,,0.00
Malta,MLT,,,NAT_TOTAL,20220721,,,,,,,,,,,,,,,,,,,,,,,,,,,,,,,,,,,,,,,,,,,,,,,13.89,,17.86,,25.52,,29.17,,0.00
